Date,open,high,low,close,volume,dividends,stock_splits
2004-01-02,11.099593073114411,11.636603198758417,11.099593073114411,11.32265853881836,1677800,0.0,0.0
2004-01-05,11.463106167774862,11.636601860208414,11.41353563226659,11.607686042785645,1307200,0.0,0.0
2004-01-06,11.512676575570385,11.636601731120935,11.504414688427834,11.562246322631836,723800,0.0,0.0
2004-01-07,11.603559084636409,11.872064208795772,11.48376404228536,11.74400806427002,1434400,0.0,0.0
2004-01-08,11.669652740928065,11.839017549534537,11.603559195515649,11.789447784423828,1055200,0.0,0.0
2004-01-09,11.822494305019095,11.826624462109237,11.335053827074121,11.463109970092773,1070000,0.0,0.0
2004-01-12,11.56225094032421,11.752270481007589,11.52507322123175,11.648999214172363,856400,0.0,0.0
2004-01-13,11.582902372270128,11.587032528419357,11.302004480301681,11.421798706054688,851000,0.0,0.0
2004-01-14,11.434193074670015,11.49202472329456,11.248304507095238,11.417669296264648,805600,0.0,0.0
2004-01-15,11.372231060477866,11.657259161408984,11.227651143657887,11.413538932800293,830400,0.0,0.0
2004-01-16,11.545725417486668,11.562248406853293,11.359836862755479,11.430061340332031,548800,0.0,0.0
2004-01-20,11.46311156003604,11.46311156003604,11.22765317837995,11.425933837890625,1039200,0.0,0.0
2004-01-21,11.421803722982071,11.615954238949364,11.302009444610476,11.603561401367188,1578000,0.0,0.0
2004-01-22,11.690305908678203,12.004250622664596,11.669651972558203,11.938157081604004,1783600,0.0,0.0
2004-01-23,11.975334284637574,12.165353797980684,11.818362328308156,12.020773887634277,1680600,0.0,0.0
2004-01-26,12.11991273937241,12.14469761625887,11.537463011209889,11.826622009277344,1618200,0.0,0.0
2004-01-27,11.706824469611837,11.772917981211455,11.025234638805273,11.541590690612793,2780800,0.0,0.0
2004-01-28,11.425927584288303,11.669647723672867,10.665851350935913,10.707159996032715,4167800,0.0,0.0
2004-01-29,11.21525954554258,11.277222148753859,10.727819034591947,11.103726387023926,3751400,0.0,0.0
2004-01-30,10.926099500044607,11.149165009424589,10.65346343974842,10.868267059326172,1211800,0.0,0.0
2004-02-02,10.864140183093822,11.161562024182501,10.793915669269825,10.926103591918945,1603600,0.0,0.0
2004-02-03,10.843480318565069,11.087200510661722,10.785648675659775,10.822826385498047,886600,0.0,0.0
2004-02-04,10.88065922071619,10.97566858387097,10.64106994655793,10.6699857711792,791200,0.0,0.0
2004-02-05,10.636940343831201,11.045894460560929,10.636940343831201,11.033501625061035,1456200,0.0,0.0
2004-02-06,11.045890696238553,11.289610862731934,10.8517410669544,11.289610862731934,1138000,0.0,0.0
2004-02-09,11.244173747819069,11.35983783487164,11.145033439444209,11.285482406616211,985000,0.0,0.0
2004-02-10,11.330924679776455,11.330924679776455,11.07068061956602,11.169821739196777,1432200,0.0,0.0
2004-02-11,11.202863493748765,11.397013124527865,11.157423899948501,11.380489349365234,966200,0.0,0.0
2004-02-12,11.421800173322126,11.731613925516562,11.417669228745213,11.595295906066895,1498400,0.0,0.0
2004-02-13,11.61182026652261,11.797708054420317,11.566380661795609,11.591165542602539,1899600,0.0,0.0
2004-02-17,11.347444251286054,11.421799674629792,11.256565838253199,11.277219772338867,1873000,0.0,0.0
2004-02-18,11.277220237362476,11.401146210677902,11.173948986881513,11.21525764465332,1130800,0.0,0.0
2004-02-19,11.297874053466476,11.35570569696736,11.025238037109373,11.025238037109375,1251800,0.0,0.0
2004-02-20,11.012845635215227,11.050023346890738,10.719555674105175,10.864134788513184,1144200,0.0,0.0
2004-02-23,10.872396802422077,10.967406160954118,10.471704646071448,10.496489524841309,1468600,0.0,0.0
2004-02-24,10.546059511830318,10.835218516559035,10.44691921410358,10.769124984741211,1366200,0.0,0.0
2004-02-25,10.802172939021405,10.979799620784311,10.71955640910882,10.872397422790527,636800,0.0,0.0
2004-02-26,10.85174591239906,11.157428795972613,10.789783304143137,11.124382019042969,1194400,0.0,0.0
2004-02-27,11.153294343606929,11.496154841913038,11.09133175483297,11.306136131286621,917400,0.0,0.0
2004-03-01,11.335052470446163,11.512679144156529,11.132640917675332,11.492024421691895,688400,0.0,0.0
2004-03-02,11.463106615326348,11.682041908198912,11.343311609444108,11.545723915100098,979000,0.0,0.0
2004-03-03,11.496152801285286,11.56637726620311,11.153292363838712,11.562246322631836,730400,0.0,0.0
2004-03-04,11.529201865248849,11.541594698438498,11.17394852611636,11.277219772338867,1408000,0.0,0.0
2004-03-05,11.28961052801157,11.479629995800035,11.111983891132224,11.252432823181152,1079800,0.0,0.0
2004-03-08,11.248302584917957,11.293742179870605,10.938488883834228,11.293742179870605,862200,0.0,0.0
2004-03-09,11.34331505528263,11.359838835415712,11.103725758633388,11.128511428833008,637400,0.0,0.0
2004-03-10,11.111979414608472,11.256559232048975,10.946745675203589,10.967399597167969,798600,0.0,0.0
2004-03-11,10.905441349571584,11.508545721415882,10.893049306658403,11.173946380615234,1510800,0.0,0.0
2004-03-12,11.153295056320014,11.471370697021484,11.09546340815506,11.471370697021484,1059400,0.0,0.0
2004-03-15,11.512678845896517,11.512678845896517,11.14916361890755,11.153294563293457,842000,0.0,0.0
2004-03-16,11.09133492894629,11.15329753545268,10.777390163030319,10.963278770446777,2581800,0.0,0.0
2004-03-17,11.016972550298123,11.359832930877838,10.959140925686082,11.206991195678711,1147800,0.0,0.0
2004-03-18,11.28548128879732,11.33918277628365,10.926097805022271,11.260696411132812,2062400,0.0,0.0
2004-03-19,11.066545112957613,11.297872441860079,10.930226336327461,11.062414169311523,2110000,0.0,0.0
2004-03-22,11.116116420733313,11.13677035396499,10.740209163058044,10.769124984741211,922600,0.0,0.0
2004-03-23,10.793912374272013,11.012847741807164,10.769127491046392,10.988062858581543,905200,0.0,0.0
2004-03-24,10.905437043378214,11.12024129855287,10.822820567624083,10.967399597167969,1094600,0.0,0.0
2004-03-25,11.087199509231422,11.31439590403574,10.905441920649784,11.302003860473633,1848200,0.0,0.0
2004-03-26,11.376358032226562,11.483759408232764,11.277216967164572,11.376358032226562,1670400,0.0,0.0
2004-03-29,11.442452528660517,11.690302848815918,11.363966173732933,11.690302848815918,1069400,0.0,0.0
2004-03-30,11.607691074322052,11.752271012003282,11.467242082048545,11.56638240814209,1099200,0.0,0.0
2004-03-31,11.58703149204729,11.669648789788642,11.442452402845339,11.632471084594727,1503000,0.0,0.0
2004-04-01,11.690306245030092,11.822494118851727,11.615951600120473,11.706830024719238,1414400,0.0,0.0
2004-04-02,11.74813834802909,12.057952117212052,11.74813834802909,11.938157081604004,2234600,0.0,0.0
2004-04-05,11.9794617647414,12.103386916114449,11.822489853809078,12.070340156555176,1078000,0.0,0.0
2004-04-06,12.070345075531607,12.751936049539939,12.008382474593727,12.574309349060059,2301200,0.0,0.0
2004-04-07,12.603223237457376,12.615616070896703,12.18600729976522,12.462774276733398,1176600,0.0,0.0
2004-04-08,12.355373481100234,12.578439780849935,12.190139622710001,12.28927993774414,818800,0.0,0.0
2004-04-12,12.355368591138255,12.384284406425204,12.090994522346874,12.21078872680664,1049600,0.0,0.0
2004-04-13,12.2479664790512,12.442116876027507,11.946414707109678,12.000115394592285,996400,0.0,0.0
2004-04-14,12.516475306738599,12.933691255349501,12.297540758860555,12.49995231628418,5626400,0.0,0.0
2004-04-15,12.661056992589051,13.107188828028528,12.309934532313253,12.59909439086914,2626400,0.0,0.0
2004-04-16,12.524736797004946,13.152626172217138,12.504082862620464,13.065877914428711,3375800,0.0,0.0
2004-04-19,12.987392523214048,13.247635724587663,12.962606856114006,13.189804077148438,1956800,0.0,0.0
2004-04-20,13.260030755210186,13.528536693957706,13.156760270634509,13.235246658325195,1916800,0.0,0.0
2004-04-21,13.260024055570952,13.466566496161114,13.177407552073015,13.437650680541992,1564000,0.0,0.0
2004-04-22,13.520272182484494,13.714422641356514,13.38395494865518,13.710290908813477,1315200,0.0,0.0
2004-04-23,13.664853723602276,13.664853723602276,13.425263646755804,13.640068054199219,1346800,0.0,0.0
2004-04-26,13.63180326505472,13.825953694598978,13.412868747173077,13.528532028198242,944400,0.0,0.0
2004-04-27,13.532662636247512,13.763990781817085,13.466569105483929,13.623541831970215,943600,0.0,0.0
2004-04-28,13.50788177420817,13.553321382925358,13.255899635536103,13.260029792785645,1410000,0.0,0.0
2004-04-29,13.280686270340428,13.61941591798817,13.115451604065868,13.235246658325195,1276800,0.0,0.0
2004-04-30,13.280682285154041,13.334382196153951,13.049354136944114,13.078269958496094,946000,0.0,0.0
2004-05-03,13.016310279256263,13.156759262084961,12.875861296427567,13.156759262084961,1580800,0.0,0.0
2004-05-04,13.045114151744384,13.363489559393313,12.925207012059255,13.053383827209473,1205000,0.015,0.0
2004-05-05,13.10300780731362,13.355226729156445,12.941752207651415,13.272531509399414,868000,0.0,0.0
2004-05-06,13.231179897558862,13.318009137089499,12.978960278396917,13.227045059204102,869200,0.0,0.0
2004-05-07,13.098870951903018,13.181565370295573,12.515872029379754,12.56135368347168,2298400,0.0,0.0
2004-05-10,12.569621668574282,12.569621668574282,11.932871499308265,12.346345901489258,1722600,0.0,0.0
2004-05-11,12.39596589160526,12.660590120067374,12.39596589160526,12.544816970825195,1492200,0.0,0.0
2004-05-12,12.528275775306657,12.722609275503494,12.255382695826784,12.660588264465332,1527800,0.0,0.0
2004-05-13,12.573758211316031,13.069927876633523,12.540680286204195,13.06579303741455,1822000,0.0,0.0
2004-05-14,12.79289957223507,13.10300540654541,12.759821648120898,12.900403022766113,1114200,0.0,0.0
2004-05-17,12.825977152534602,12.95828884544453,12.420772395837972,12.751551628112793,1363600,0.0,0.0
2004-05-18,12.776361010620091,13.02444585122863,12.73501340574534,12.999637603759766,1303800,0.0,0.0
2004-05-19,13.09060019682774,13.309741136752578,12.887997823765211,12.933480262756348,1374800,0.0,0.0
2004-05-20,12.883863389869136,12.925210991284407,12.524141071428035,12.536544799804688,1580400,0.0,0.0
2004-05-21,12.536545068870293,12.974827760543063,12.528275390681769,12.900403022766113,1572600,0.0,0.0
2004-05-24,12.916940593637332,13.181563966128385,12.879727833300796,12.958288192749023,687400,0.0,0.0
2004-05-25,12.95829069895124,13.64465829557694,12.95829069895124,13.561963081359863,1346400,0.0,0.0
2004-05-26,13.508208754324754,13.789371490478514,13.508208754324754,13.789371490478516,2078400,0.0,0.0
2004-05-27,13.694277053665202,14.058135109913197,13.595044042048654,13.681873321533203,1792600,0.0,0.0
2004-05-28,13.686003674895334,13.801777593537055,13.512345162852533,13.537154197692871,928600,0.0,0.0
2004-06-01,13.61985336852804,13.9506343252243,13.582640589763734,13.901016235351562,1612800,0.0,0.0
2004-06-02,13.975434558395413,14.368235558175574,13.958895203666218,14.269001007080078,1969200,0.0,0.0
2004-06-03,14.25246801933683,14.269005802344058,14.020921707153319,14.02092170715332,958000,0.0,0.0
2004-06-04,14.149095700524654,14.785845133046374,14.144960072889171,14.657669067382812,4308400,0.0,0.0
2004-06-07,14.66594586060529,15.071150815080086,14.657676178602063,14.781718254089355,2010400,0.0,0.0
2004-06-08,14.802383107072488,14.926425110799757,14.657667698937285,14.88094425201416,1109200,0.0,0.0
2004-06-09,14.562566018399016,14.65352929601962,14.368232583759777,14.393041610717773,1586400,0.0,0.0
2004-06-10,14.380650352805077,14.52950150536302,14.351707248394465,14.4054594039917,1006400,0.0,0.0
2004-06-14,14.44266793755488,14.471611033439325,14.140831668131083,14.182178497314453,1150200,0.0,0.0
2004-06-15,14.47160708096741,14.54189698683771,14.244196428008207,14.467473030090332,1136200,0.0,0.0
2004-06-16,14.430258251906292,14.773441208953624,14.376506134315827,14.740364074707031,1389000,0.0,0.0
2004-06-17,14.73209096469613,14.74036064065114,14.471601692591252,14.517084121704102,938000,0.0,0.0
2004-06-18,14.463337160457343,14.52122333544996,14.36823821907233,14.479876518249512,1239600,0.0,0.0
2004-06-21,14.512952456079988,14.703151900397177,14.450932235409466,14.62045669555664,1081200,0.0,0.0
2004-06-22,14.6163206105121,14.74449825286865,14.455065833622118,14.744498252868652,1340600,0.0,0.0
2004-06-23,14.74863128636158,15.174510996555709,14.707284476725496,15.11662483215332,1577400,0.0,0.0
2004-06-24,15.174510895272352,15.302686950656497,15.004986453248423,15.261340141296387,1845600,0.0,0.0
2004-06-25,15.228265056742718,15.534235272617211,15.228265056742718,15.364710807800293,2183600,0.0,0.0
2004-06-28,15.77818730302285,16.113102225313085,15.641741534350592,15.97252082824707,2928400,0.0,0.0
2004-06-29,15.960114121612682,15.960114121612682,15.451540706077848,15.691356658935547,2158600,0.0,0.0
2004-06-30,15.7368392048487,15.955980173519658,15.600391869976619,15.9518461227417,1931600,0.0,0.0
2004-07-01,16.319838480148555,16.373589027729775,15.782320386096423,16.001462936401367,2201400,0.0,0.0
2004-07-02,16.241279216414387,16.241279216414387,15.75337913934221,15.811266899108887,943000,0.0,0.0
2004-07-06,15.774048772874544,15.964246615698409,15.596254657149736,15.674814224243164,892200,0.0,0.0
2004-07-07,15.687213756528333,15.902220573336404,15.55490211192017,15.71202278137207,1362800,0.0,0.0
2004-07-08,15.778188353735374,15.786458033793497,14.74036795428387,14.901622772216797,3178400,0.0,0.0
2004-07-09,14.293808452415433,14.326887158201751,13.131945725422593,14.1118803024292,17284000,0.0,0.0
2004-07-12,14.169765758979805,14.512948639490627,13.876199357413315,14.49227523803711,3019000,0.0,0.0
2004-07-13,14.512949329950398,14.537758359242577,14.310347777875851,14.326887130737305,2313600,0.0,0.0
2004-07-14,14.372365244866682,14.450926367339905,14.173897780208732,14.331018447875977,2196600,0.0,0.0
2004-07-15,14.39718616226604,14.992589048074175,14.206988215348506,14.84373950958252,2940200,0.0,0.0
2004-07-16,15.57144272105717,15.691350651579864,14.653529232238311,14.723820686340332,5343200,0.0,0.0
2004-07-19,15.021525301457578,15.381247578057549,14.761035994888127,15.294418334960938,2657800,0.0,0.0
2004-07-20,15.33990055910784,15.521830315833967,14.980178250468082,15.40605640411377,3024400,0.0,0.0
2004-07-21,15.410184997003208,15.678942304594043,15.054596900939941,15.054596900939941,2000400,0.0,0.0
2004-07-22,15.071142056267055,15.075276106225823,14.82305647219044,14.938830375671387,1945600,0.0,0.0
2004-07-23,15.133167757920537,15.199323622212203,14.723828840515923,15.009125709533691,1847200,0.0,0.0
2004-07-26,15.12903562024528,15.571453314400502,15.1207659390027,15.29856014251709,2705200,0.0,0.0
2004-07-27,15.422602172504519,15.492893674270853,15.153844630476673,15.327503204345703,2881400,0.0,0.0
2004-07-28,15.430859554986917,15.5052850494064,15.033924636269111,15.459802627563477,1573400,0.0,0.0
2004-07-29,15.505285673903822,15.955972707249796,15.377108077845698,15.86914348602295,1706800,0.0,0.0
2004-07-30,15.947709499179776,16.022135026776873,15.782319087346265,15.881553649902344,1970200,0.0,0.0
2004-08-02,15.95597734771095,16.228870391845703,15.658275271462244,16.228870391845703,2233800,0.0,0.0
2004-08-03,16.228874944101868,16.39426538336145,15.740974883294228,15.745110511779785,1694200,0.0,0.0
2004-08-04,15.931318612989601,15.931318612989601,15.260962271780276,15.422344207763672,2637600,0.015,0.0
2004-08-05,15.48441587190977,15.496830961844939,14.95889056086126,15.033374786376953,1284800,0.0,0.0
2004-08-06,15.02509428631356,15.02923159609212,14.189217222463567,14.288528442382812,2698600,0.0,0.0
2004-08-09,14.280252037281821,14.59887855540676,14.21818292036295,14.549222946166992,2503400,0.0,0.0
2004-08-10,14.656812381113086,15.111993860488237,14.590604366834247,15.041646957397461,1218000,0.0,0.0
2004-08-11,15.087165305656866,15.389239470312116,14.685779908565586,15.070612907409668,1637600,0.0,0.0
2004-08-12,15.00026860106509,15.269239566010903,14.801644544184173,14.921647071838379,1541200,0.0,0.0
2004-08-13,15.00027122476192,15.00027122476192,14.611299242650514,14.615436553955078,1099800,0.0,0.0
2004-08-16,14.640254714080356,15.091297093687702,14.594736429579722,15.062331199645996,1255400,0.0,0.0
2004-08-17,15.207161390151521,15.223713781394464,14.631979211904014,14.723015785217285,1181200,0.0,0.0
2004-08-18,14.756126852690379,15.103719361408961,14.582331387592966,15.049924850463867,1251000,0.0,0.0
2004-08-19,15.062333638773692,15.103713043098974,14.516117293359905,14.656807899475098,1390000,0.0,0.0
2004-08-20,14.627845760885975,14.950611195978995,14.350600207888771,14.855437278747559,1473400,0.0,0.0
2004-08-23,14.818193977234476,14.896815490722656,14.325770454925076,14.483015060424805,1365400,0.0,0.0
2004-08-24,14.665088093380579,14.689916689857256,14.234736804116158,14.44163703918457,1518000,0.0,0.0
2004-08-25,14.520257756779493,14.524395066701578,14.201631222982167,14.429221153259277,687600,0.0,0.0
2004-08-26,14.48301911404677,14.524398537248809,14.247152929042771,14.321637153625488,895400,0.0,0.0
2004-08-27,14.371288558327645,14.483014862403271,14.325770259053499,14.39197826385498,571200,0.0,0.0
2004-08-30,14.40025847682795,14.474742700312609,14.110597783112478,14.201634407043457,870000,0.0,0.0
2004-08-31,14.243009721923126,14.276114513268283,13.940935604253584,14.02783489227295,1589800,0.0,0.0
2004-09-01,14.08990411596919,14.379564728360254,13.849900690975462,13.986454010009766,1671200,0.0,0.0
2004-09-02,14.044385130266988,14.37956402545975,13.945073917373533,14.358874320983887,1090000,0.0,0.0
2004-09-03,14.437500192835063,14.437500192835063,14.069217974879946,14.247152328491211,901400,0.0,0.0
2004-09-07,14.48301817849935,14.702331948646181,14.445776068613688,14.631986618041992,1798200,0.0,0.0
2004-09-08,14.594738640477683,14.971296898585978,14.561633854544917,14.892675399780273,1982200,0.0,0.0
2004-09-09,15.025089110374827,15.223713060313452,14.91336284256132,15.062331199645996,1759400,0.0,0.0
2004-09-10,15.124400005989845,15.331300147189493,15.066468219017592,15.260954856872559,1089200,0.0,0.0
2004-09-13,15.351988642511127,15.658201522039569,15.33129894571712,15.389230728149414,1094600,0.0,0.0
2004-09-14,15.39337396177729,15.571308245796,15.360269174739795,15.50510025024414,1082200,0.0,0.0
2004-09-15,15.575447113763005,15.596136818470578,15.265096807579555,15.351994514465332,1038800,0.0,0.0
2004-09-16,15.174065476900937,15.331310128572506,15.00027000283539,15.087167739868164,1184400,0.0,0.0
2004-09-17,15.11612611260138,15.36026837953261,15.029228418911378,15.145092010498047,841800,0.0,0.0
2004-09-20,15.215451183113515,15.306487837782008,14.900961782544712,15.157519340515137,980000,0.0,0.0
2004-09-21,15.269234854537673,15.434754061604007,15.02922987328517,15.385098457336426,577200,0.0,0.0
2004-09-22,15.310616144883467,15.33544473933278,14.723020282960249,14.727157592773438,1596600,0.0,0.0
2004-09-23,14.818194816288454,14.82647101478584,14.317495067599058,14.3961181640625,1691800,0.0,0.0
2004-09-24,14.545085189815671,14.809917202326766,14.412669183560123,14.68991470336914,1193800,0.0,0.0
2004-09-27,14.61129789802358,14.73957505747165,14.325774510041603,14.660953521728516,908000,0.0,0.0
2004-09-28,14.805780538096883,14.83060913494539,14.578190591817986,14.739572525024414,955000,0.0,0.0
2004-09-29,14.843023148947358,15.339584053141644,14.72302220640698,15.289928436279297,1481400,0.0,0.0
2004-09-30,15.405791452712961,15.492689173379762,15.145096712189021,15.368549346923828,1034800,0.0,0.0
2004-10-01,15.687174418119943,15.757521312859103,15.443032098478245,15.73269271850586,1012800,0.0,0.0
2004-10-04,15.935454323230612,16.04718063196791,15.840280411015156,15.906488418579102,1043400,0.0,0.0
2004-10-05,16.00166060958651,16.24166559776696,15.898210510237673,16.09683609008789,1330000,0.0,0.0
2004-10-06,16.15063204655493,16.163047134210494,15.827868180934006,16.05959701538086,1401400,0.0,0.0
2004-10-07,16.096827021625167,16.096827021625167,15.724406242370604,15.724406242370605,1024200,0.0,0.0
2004-10-08,15.724421107446625,15.724421107446625,15.256826037791141,15.459589004516602,1681000,0.0,0.0
2004-10-11,15.521653734021369,15.612690335504116,15.310616205202654,15.414066314697266,919200,0.0,0.0
2004-10-12,15.397509317777095,15.558891187806354,15.207161552025813,15.500959396362305,820800,0.0,0.0
2004-10-13,15.69545247960913,15.716142188098097,14.830609405172275,15.041646957397461,2069200,0.0,0.0
2004-10-14,15.153367472617393,15.310612038239801,14.867845816388758,15.236127853393555,1721400,0.0,0.0
2004-10-15,14.996125819819888,15.889934538979807,14.900950347418998,15.790621757507324,2346800,0.0,0.0
2004-10-18,15.724422215878985,16.225120544433594,15.691317411417213,16.225120544433594,2065600,0.0,0.0
2004-10-19,16.33269972384471,16.647187283822714,16.22924964011835,16.427873611450195,2595200,0.0,0.0
2004-10-20,16.45270167263097,16.73822493221561,16.33270076751772,16.709259033203125,1771600,0.0,0.0
2004-10-21,16.849956241339306,16.88305945928153,16.585124183707215,16.854093551635742,1481800,0.0,0.0
2004-10-22,16.924435036903233,16.9409858513142,16.514771993662638,16.53132438659668,1395600,0.0,0.0
2004-10-25,16.4692555623359,16.68029464977125,16.28718395506814,16.403047561645508,1469000,0.0,0.0
2004-10-26,16.502361962918577,16.630639088859407,16.096837721786887,16.605812072753906,1397600,0.0,0.0
2004-10-27,16.568568338637082,16.916160736598812,16.423737252014465,16.903745651245117,1334800,0.0,0.0
2004-10-28,16.870639483862384,16.895468071695685,16.59339244455424,16.82098388671875,868000,0.0,0.0
2004-10-29,16.73823404974627,17.139619545497567,16.696853043956878,16.90789222717285,934400,0.0,0.0
2004-11-01,17.0071927065067,17.02788398555125,16.651325753375783,16.692705154418945,1260000,0.0,0.0
2004-11-02,16.593395580563467,16.638913877598938,16.345115969399618,16.394771575927734,1534800,0.0,0.0
2004-11-03,16.659799391353253,17.086336135864258,16.64737648181415,17.086336135864258,1427400,0.015,0.0
2004-11-04,17.13604253643003,17.359662958143918,16.96625581231616,17.34309959411621,1127400,0.0,0.0
2004-11-05,17.3513751835626,17.413491328398077,17.260269608807334,17.293397903442383,1658800,0.0,0.0
2004-11-08,17.305830867367906,17.603991983910294,17.119479182203833,17.442487716674805,1449200,0.0,0.0
2004-11-09,17.517025351714015,17.53359029412589,17.392791443064667,17.46319007873535,1971400,0.0,0.0
2004-11-10,17.4714739647719,17.475615990570216,17.247853542982355,17.301687240600586,1881800,0.0,0.0
2004-11-11,17.38450498435096,17.39692789845048,17.251988634891134,17.28925895690918,1882000,0.0,0.0
2004-11-12,17.334807846615316,17.347230757918755,17.061492739905663,17.231279373168945,1160800,0.0,0.0
2004-11-15,16.846156970442614,16.871004378144676,16.58526471858918,16.71778106689453,2688200,0.0,0.0
2004-11-16,16.763327425232042,16.767469448119375,16.45688407976219,16.498294830322266,1366000,0.0,0.0
2004-11-17,16.597685937829517,16.999375348255647,16.547991132229427,16.86271858215332,1742400,0.0,0.0
2004-11-18,16.92483613980421,17.073917409676138,16.70121581471562,16.759191513061523,1322000,0.0,0.0
2004-11-19,16.804741307160164,16.833729151172555,16.017924336117787,16.195993423461914,3036800,0.0,0.0
2004-11-22,16.278822006639718,16.427901720572233,16.125598688319787,16.3367977142334,2435800,0.0,0.0
2004-11-23,16.39891420404896,16.71778218209186,16.26225740187034,16.69707679748535,1708400,0.0,0.0
2004-11-24,16.883428061532435,16.94968623870457,16.523149321891424,16.70949935913086,1203000,0.0,0.0
2004-11-26,16.67222476636237,16.862718359205797,16.63495445251465,16.63495445251465,435400,0.0,0.0
2004-11-29,16.746768476524622,16.87100393203032,16.61011168707557,16.68465232849121,1052800,0.0,0.0
2004-11-30,16.792323924966905,16.796465949989933,16.62253723257558,16.647384643554688,1411800,0.0,0.0
2004-12-01,16.837868466768683,17.305817542608228,16.7136346322209,17.086336135864258,1840200,0.0,0.0
2004-12-02,17.177447653668185,17.206435505811033,16.77575658866091,16.916555404663086,1693400,0.0,0.0
2004-12-03,17.032507904940694,17.049071263033845,16.792321045816653,16.813026428222656,736200,0.0,0.0
2004-12-06,16.966256537916887,16.966256537916887,16.5314354344038,16.605976104736328,1108800,0.0,0.0
2004-12-07,16.676364411425183,16.726057629561375,16.316085815429688,16.316085815429688,1324000,0.0,0.0
2004-12-08,16.369924609912573,16.866861686253806,16.216702884444825,16.813026428222656,1104600,0.0,0.0
2004-12-09,16.78818120090552,16.808886584051134,16.398913047002313,16.659805297851562,1098400,0.0,0.0
2004-12-10,16.755052156085156,16.755052156085156,16.179433945569084,16.295385360717773,1424400,0.0,0.0
2004-12-13,16.411332903441544,16.58940199167326,16.017924415959406,16.253969192504883,3272200,0.0,0.0
2004-12-14,16.27468890851901,16.87101441020743,16.237418564663482,16.79233169555664,2875200,0.0,0.0
2004-12-15,16.953833885188008,17.239573679139635,16.81303500142466,17.206443786621094,2570600,0.0,0.0
2004-12-16,17.2851183351804,17.58742135302364,17.1650249010494,17.52944564819336,3063400,0.0,0.0
2004-12-17,17.50874391850873,17.943564994139468,17.39279247419117,17.885587692260742,2580000,0.0,0.0
2004-12-20,18.055371153106673,18.22515784294192,17.972549610529217,18.14647674560547,2214400,0.0,0.0
2004-12-21,18.23757865400056,18.35353005396183,18.067791998463274,18.303836822509766,1145800,0.0,0.0
2004-12-22,18.32454567198389,18.53574313041486,18.26242793612321,18.357675552368164,927400,0.0,0.0
2004-12-23,18.423931154928187,18.581293325571192,18.25828493562885,18.452919006347656,926600,0.0,0.0
2004-12-27,18.630996367068754,18.635136813506012,17.927001993725614,17.98497772216797,958600,0.0,0.0
2004-12-28,18.428078990933294,18.6392765045166,18.23344484214785,18.6392765045166,1318400,0.0,0.0
2004-12-29,18.655830305721025,18.664112773032784,18.428067983664498,18.597854614257812,1051800,0.0,0.0
2004-12-30,18.70139221931815,18.70139221931815,18.403229569356835,18.494335174560547,682200,0.0,0.0
2004-12-31,18.643417340207733,18.759368784990095,18.490195562499615,18.573017120361328,963400,0.0,0.0
2005-01-03,18.573009513355426,18.81319635599619,18.212730829113585,18.258283615112305,1723000,0.0,0.0
2005-01-04,18.216875099140893,18.32454404136953,17.620549943045333,17.831748962402344,2340800,0.0,0.0
2005-01-05,17.744784981772543,17.848313485936256,17.425918579101562,17.425918579101562,1778200,0.0,0.0
2005-01-06,17.363799927405104,17.827607159234624,17.363799927405104,17.661962509155273,1180000,0.0,0.0
2005-01-07,17.67024621283845,17.782057198800373,17.044934676221526,17.3265323638916,1671000,0.0,0.0
2005-01-10,17.392779451258043,17.9104216968312,17.272686071152567,17.599836349487305,1273000,0.0,0.0
2005-01-11,17.550159768573415,17.587430108764647,17.31825525408127,17.338960647583008,1323000,0.0,0.0
2005-01-12,17.2892587965165,17.47146838040353,16.920697604268028,17.144319534301758,2839800,0.0,0.0
2005-01-13,17.181598916828193,17.19402183736379,16.83788337128711,16.854448318481445,1896400,0.0,0.0
2005-01-14,17.090488724778638,17.5501556185342,16.982818176477753,17.479755401611328,2774000,0.0,0.0
2005-01-18,17.541871289390357,17.815186497310616,17.351379206841028,17.57914161682129,905600,0.0,0.0
2005-01-19,17.64953726555738,17.67852511758319,17.227140819256263,17.285118103027344,791200,0.0,0.0
2005-01-20,17.25612584497005,17.533582985698516,17.0366459785168,17.13603401184082,1113200,0.0,0.0
2005-01-21,17.247847781891377,17.40935198024074,17.057354151796748,17.285118103027344,2162600,0.0,0.0
2005-01-24,17.314106842350157,17.47975149388367,17.21886081228149,17.39278793334961,2124400,0.0,0.0
2005-01-25,17.405212368389506,17.984972648706112,17.405212368389506,17.86073875427246,2055400,0.0,0.0
2005-01-26,17.864879398435644,18.134054155805067,17.690952260236095,18.105066299438477,1886800,0.0,0.0
2005-01-27,18.167351512339422,18.250402578923588,17.884978836393675,17.947267532348633,1243200,0.06,0.0
2005-01-28,18.096759971353475,18.121674183632482,17.349301921635067,17.822690963745117,3622800,0.0,0.0
2005-01-31,17.65659179085426,18.34591303645844,17.65659179085426,18.32099723815918,1896200,0.0,0.0
2005-02-01,18.374972904051603,18.732091274959576,18.325142912596288,18.4372615814209,1912000,0.0,0.0
2005-02-02,18.62412947692858,19.130739543136194,18.582604736841883,18.815147399902344,2439000,0.0,0.0
2005-02-03,18.686420238953666,18.707182611294566,18.25040408352491,18.354217529296875,3176600,0.0,0.0
2005-02-04,18.333457226186876,18.81099818019575,18.333457226186876,18.68642234802246,1366200,0.0,0.0
2005-02-07,18.690573411939308,18.83175977161474,18.441421757955645,18.495405197143555,1721000,0.0,0.0
2005-02-08,18.52447018022924,18.894045767057165,18.478792013935028,18.715486526489258,1437200,0.0,0.0
2005-02-09,18.686423713437044,18.82345824768811,18.374983318213093,18.445575714111328,1257600,0.0,0.0
2005-02-10,18.41651131348617,18.56600298296774,18.171511429406493,18.46634292602539,1532400,0.0,0.0
2005-02-11,18.54108420588401,19.101676244654417,18.524473672451553,18.819303512573242,1079200,0.0,0.0
2005-02-14,18.87328137436955,18.977094801528825,18.66980636014781,18.740400314331055,843200,0.0,0.0
2005-02-15,18.694731702970213,19.05185032827979,18.694731702970213,18.873291015625,1163000,0.0,0.0
2005-02-16,18.790239914658216,18.918969200360134,18.72795119291613,18.873291015625,730000,0.0,0.0
2005-02-17,18.956335614137807,19.010317464791417,18.499555507540446,18.748708724975586,1284600,0.0,0.0
2005-02-18,18.794389020124864,18.827610089301277,18.3915938528013,18.445575714111328,752000,0.0,0.0
2005-02-22,18.42481546729819,18.63659584760425,18.042782632023798,18.07600212097168,1728000,0.0,0.0
2005-02-23,18.125824862378835,18.632433305466936,18.096757229745386,18.541078567504883,1085600,0.0,0.0
2005-02-24,18.478786172532327,19.006158462375765,18.47048091000721,18.97709083557129,1240600,0.0,0.0
2005-02-25,18.97709522062328,19.072603385630973,18.881587055615586,18.99370574951172,841800,0.0,0.0
2005-02-28,19.08506695420391,19.973709957836913,18.943880578968066,19.595829010009766,3167000,0.0,0.0
2005-03-01,19.637353155313583,19.74531844947495,19.350827011147786,19.51277732849121,1093800,0.0,0.0
2005-03-02,19.492008427226295,19.720399233223535,19.433873161724154,19.637348175048828,1321800,0.0,0.0
2005-03-03,19.67887238683793,19.815906866778576,19.30929685109566,19.408958435058594,953800,0.0,0.0
2005-03-04,19.47540442203774,19.645658421644086,19.28023462343989,19.51277732849121,1213400,0.0,0.0
2005-03-07,19.516924830660923,20.231161735620667,19.516924830660923,20.156415939331055,1652400,0.0,0.0
2005-03-08,20.060908959997025,20.19379003146486,19.994468424263108,20.098281860351562,1391200,0.0,0.0
2005-03-09,19.982011378940417,20.164724055293274,19.84913029653877,20.044300079345703,1303200,0.0,0.0
2005-03-10,19.994471369970732,20.243623019662632,19.74947156134442,19.96125030517578,2308200,0.0,0.0
2005-03-11,20.0692080046288,20.305902438822915,19.898952501508884,20.14810562133789,1686000,0.0,0.0
2005-03-14,20.156419242458263,20.48447011503666,20.156419242458263,20.43048667907715,2253600,0.0,0.0
2005-03-15,20.45124420247528,20.783446837174143,20.35573604400355,20.409719467163086,1709800,0.0,0.0
2005-03-16,20.34743190122877,20.45955059362973,19.869889498491418,19.96955108642578,1405000,0.0,0.0
2005-03-17,19.969562811696704,20.409732575415877,19.882359861094304,20.289308547973633,1464000,0.0,0.0
2005-03-18,20.1065844590833,20.222856578410152,19.695484161376953,19.695484161376953,2403600,0.0,0.0
2005-03-21,19.807604248061633,20.07751823588771,19.658112644186343,19.745315551757812,1453400,0.0,0.0
2005-03-22,19.786843143490394,19.998621873154026,19.25116539001465,19.25116539001465,1497200,0.0,0.0
2005-03-23,19.101677096290977,19.101677096290977,18.599220318064795,18.95633888244629,3090000,0.0,0.0
2005-03-24,19.068448104740238,19.313447837754584,18.989550476302995,19.180566787719727,899000,0.0,0.0
2005-03-28,19.184725835408866,19.25116637990277,18.362523503271454,18.412353515625,2754400,0.0,0.0
2005-03-29,18.491248929543584,18.736248704729825,17.777013558681404,17.947267532348633,3802000,0.0,0.0
2005-03-30,17.760392496097115,18.374967489850473,17.760392496097115,18.30852699279785,2217000,0.0,0.0
2005-03-31,18.24624582170075,18.35421266376034,18.05938293610086,18.1756534576416,1150000,0.0,0.0
2005-04-01,18.32930149801831,18.60752235284993,17.918201145088055,18.142436981201172,1316000,0.0,0.0
2005-04-04,18.009552563112937,18.084298355994576,17.615061230474762,17.868366241455078,2116200,0.0,0.0
2005-04-05,17.914046872501917,18.154894812572675,17.826843963469695,18.042776107788086,1251000,0.0,0.0
2005-04-06,18.179813191415597,18.391593543686355,18.005407333374023,18.005407333374023,1351000,0.0,0.0
2005-04-07,17.938962174999563,17.984640340589237,17.536165533782267,17.81438636779785,2005000,0.0,0.0
2005-04-08,17.639981547366528,17.698116826948763,17.233033006223337,17.424049377441406,2987600,0.0,0.0
2005-04-11,17.45311491573907,17.94726790082324,17.282860938576366,17.818538665771484,4743600,0.0,0.0
2005-04-12,17.71057425619511,18.358369135737927,17.598455546104827,18.142436981201172,2950200,0.0,0.0
2005-04-13,18.117519943062117,18.117519943062117,17.523707006703038,17.54031753540039,3002800,0.0,0.0
2005-04-14,17.490480360904687,17.565226132093454,16.435737470700264,16.81777000427246,5810800,0.0,0.0
2005-04-15,17.299472570546797,17.299472570546797,16.44820263053085,16.518795013427734,6257000,0.0,0.0
2005-04-18,16.689053473203007,17.108460794316915,16.348545405958713,17.025409698486328,3230400,0.0,0.0
2005-04-19,17.029548693696068,17.53615857042517,17.029548693696068,17.490480422973633,2770200,0.0,0.0
2005-04-20,17.648284013714825,17.648284013714825,17.079386831399805,17.166589736938477,2314400,0.0,0.0
2005-04-21,17.316080747916207,17.84760501204134,17.25379205518462,17.743791580200195,4447400,0.0,0.0
2005-04-22,17.86006650524706,17.905744679931228,17.162441529207346,17.24549102783203,2795600,0.0,0.0
2005-04-25,17.453121492379502,17.631680802062135,17.228885582790028,17.349308013916016,1586800,0.0,0.0
2005-04-26,17.33684469593748,17.33684469593748,16.50633716559317,16.77625274658203,3051800,0.0,0.0
2005-04-27,16.67243822479676,16.780403499754946,16.223963427122825,16.651674270629883,3431000,0.0,0.0
2005-04-28,16.597530035022636,16.651675498391445,16.07274055480957,16.07274055480957,2800400,0.06,0.0
2005-04-29,16.076902948656997,16.418432897691986,15.864488600382751,16.280988693237305,3178400,0.0,0.0
2005-05-02,16.28098731352485,16.672496795654297,16.28098731352485,16.672496795654297,2175200,0.0,0.0
2005-05-03,16.622521806633234,16.689161770623066,16.260167101739896,16.36429214477539,1839400,0.0,0.0
2005-05-04,16.410111224525085,16.730815033303653,16.235180285459794,16.64751625061035,2917400,0.0,0.0
2005-05-05,16.726650451417164,17.22645108337398,16.66001047307775,16.951560974121094,2943000,0.0,0.0
2005-05-06,17.122318676752545,17.422199245117834,17.034854040586577,17.21394920349121,2343600,0.0,0.0
2005-05-09,17.130643788177757,17.46800773870583,17.122313598324794,17.434688568115234,1578600,0.0,0.0
2005-05-10,17.40970675903352,17.49300711065821,17.188962177726843,17.234777450561523,1686400,0.0,0.0
2005-05-11,17.347231893405226,17.47218162071557,16.993205812400273,17.051515579223633,2419200,0.0,0.0
2005-05-12,17.039021175198506,17.155640709475307,15.901975949533721,16.164371490478516,4710600,0.0,0.0
2005-05-13,16.139387061204786,16.32681251903491,15.68956596241249,15.885321617126465,2601800,0.0,0.0
2005-05-16,16.01443280395779,16.55171843643738,16.01443280395779,16.430932998657227,2284000,0.0,0.0
2005-05-17,16.25183960045189,16.955724436024557,16.235179209488408,16.922405242919922,2475400,0.0,0.0
2005-05-18,16.918234356359072,17.376385439670706,16.918234356359072,17.2930850982666,2354600,0.0,0.0
2005-05-19,17.388878924273683,17.484673755233825,17.293084093313542,17.359724044799805,1427200,0.0,0.0
2005-05-20,17.40138109118916,17.40138109118916,17.04735649072795,17.07651138305664,1555600,0.0,0.0
2005-05-23,17.08066954246985,17.617955088663997,17.064010744862028,17.384716033935547,1964200,0.0,0.0
2005-05-24,17.32640624423238,17.60962648379578,16.976546041761242,17.57630729675293,2874500,0.0,2.0
2005-05-25,17.576298985287355,17.576298985287355,17.034849344099477,17.334728240966797,2562000,0.0,0.0
2005-05-26,17.32640266418457,17.542982896089594,17.259762715046236,17.32640266418457,1624200,0.0,0.0
2005-05-27,17.29308348402626,17.39304261332291,17.068173059876234,17.32640266418457,1211000,0.0,0.0
2005-05-31,17.201452430285265,17.284752761357346,16.60169290644529,16.726642608642578,1704000,0.0,0.0
2005-06-01,16.660002383950673,17.059842059848293,16.393442600018922,16.901573181152344,2995600,0.0,0.0
2005-06-02,16.901576272801226,17.109826340693868,16.68499601153425,17.001535415649414,1704900,0.0,0.0
2005-06-03,16.926566751556873,17.13481683774989,16.86825698163436,17.101497650146484,1384100,0.0,0.0
2005-06-06,17.076504263786774,17.184793591743826,16.901574982743426,17.034854888916016,1148200,0.0,0.0
2005-06-07,17.05151358178927,17.268093825206993,16.485074778414223,16.560043334960938,1923500,0.0,0.0
2005-06-08,16.185188526464238,16.3851083144645,15.143938637616268,15.652069091796875,5087500,0.0,0.0
2005-06-09,15.518798615957392,15.910309867804695,15.452158639510118,15.843669891357422,1396100,0.0,0.0
2005-06-10,15.910299980304108,16.035249659889622,15.677059413275472,15.82699966430664,1517600,0.0,0.0
2005-06-13,15.827018678233726,15.93530810694992,15.585447630509718,15.677078247070312,1380200,0.0,0.0
2005-06-14,15.652077959000273,15.735376726241473,15.543787019471289,15.685397148132324,1388700,0.0,0.0
2005-06-15,15.702054255442091,16.06024459947859,15.627084109535764,16.010263442993164,1684700,0.0,0.0
2005-06-16,16.035260556217217,16.32681106591293,15.910310791725472,16.26850128173828,1329100,0.0,0.0
2005-06-17,16.243510378522696,16.926570560741293,16.218519790579666,16.53506088256836,2719700,0.0,0.0
2005-06-20,16.5350544651631,16.5350544651631,16.118554360694617,16.410104751586914,1446800,0.0,0.0
2005-06-21,16.393445942148993,16.86825585267957,16.3767855550513,16.601696014404297,1651100,0.0,0.0
2005-06-22,16.426768092427466,16.64334839732269,16.16853840109257,16.32680892944336,1397200,0.0,0.0
2005-06-23,16.0352576109557,16.118557968257562,15.702057770570402,15.768697738647461,2062200,0.0,0.0
2005-06-24,15.702068848538643,15.985289309886582,15.502148803261854,15.677078247070312,1465000,0.0,0.0
2005-06-27,15.560445172825743,15.793684229706269,15.443825644385479,15.71871566772461,1158300,0.0,0.0
2005-06-28,15.743709107402157,16.218519137441636,15.743709107402157,16.1435489654541,1110600,0.0,0.0
2005-06-29,16.193526236637574,16.268496390557072,16.010265154246813,16.051916122436523,947300,0.0,0.0
2005-06-30,16.118555472872597,16.35179453062245,15.968615170706594,16.01859474182129,1179000,0.0,0.0
2005-07-01,15.993596158576086,16.301805182561743,15.802005004702309,16.285144805908203,1264800,0.0,0.0
2005-07-05,16.243510427540436,16.68500128293171,15.968620314627263,16.626689910888672,2012100,0.0,0.0
2005-07-06,16.684991103762744,16.92656028527495,16.551711226620537,16.57670021057129,2091000,0.0,0.0
2005-07-07,16.41010462819798,16.784953766108007,16.15187342141748,16.768293380737305,1310300,0.0,0.0
2005-07-08,16.67666462885473,17.259763824076938,16.635013664953405,17.126483917236328,1444600,0.0,0.0
2005-07-11,17.01819060742782,17.4513509977353,16.96821105126048,17.184789657592773,1285800,0.0,0.0
2005-07-12,17.21812299125182,17.40971275378397,17.15148300477009,17.193132400512695,982200,0.0,0.0
2005-07-13,17.201458115113596,17.32640785860493,16.876588464271688,17.068178176879883,1547500,0.0,0.0
2005-07-14,17.184803238834224,17.58464477063418,17.068183652671532,17.484683990478516,1544200,0.0,0.0
2005-07-15,16.826603525643186,16.86825289726826,16.276823558319435,16.668333053588867,3997000,0.0,0.0
2005-07-18,16.49340236863377,16.660003034507525,16.20185358658725,16.210182189941406,1896100,0.0,0.0
2005-07-19,16.23517667167222,16.23517667167222,15.618756601780596,15.793685913085938,4740100,0.0,0.0
2005-07-20,15.851993481470654,17.13481289073382,15.79368213615813,16.834932327270508,6216800,0.0,0.0
2005-07-21,16.709990282127727,16.86826082859968,16.31015040676719,16.626689910888672,2051600,0.0,0.0
2005-07-22,16.7183153347396,16.85992544563287,16.47674608016987,16.660005569458008,1420700,0.0,0.0
2005-07-25,16.593361217164798,16.693321923195736,15.968611173730613,16.076900482177734,2546500,0.0,0.0
2005-07-26,16.126884552637346,16.16853392755339,15.910304307665934,16.010263442993164,1725800,0.0,0.0
2005-07-27,16.1185591013292,16.26016924205036,15.827008624688897,15.918639183044434,1342900,0.0,0.0
2005-07-28,16.110230469086922,16.668340890919414,15.976950510633412,16.626689910888672,3479600,0.0,0.0
2005-07-29,16.61832187822755,16.660098406008842,16.267407012922657,16.40108871459961,2781000,0.06,0.0
2005-08-01,16.31754856762312,16.6350423998535,16.250707676963433,16.5932674407959,1733500,0.0,0.0
2005-08-02,16.584908947682145,16.802142199043043,16.292479509557385,16.752010345458984,1262900,0.0,0.0
2005-08-03,16.635045342548164,16.676820308995644,16.376037044625573,16.54313850402832,1345600,0.0,0.0
2005-08-04,16.459592334804228,16.526433252571817,16.075255862430694,16.175518035888672,1940200,0.0,0.0
2005-08-05,16.08359889622817,16.28412149642823,16.066888281141843,16.12537384033203,1410800,0.0,0.0
2005-08-08,16.11702852610466,16.34261557289134,15.96663609917168,16.025121688842773,1239400,0.0,0.0
2005-08-09,16.00005975424146,16.19222719510493,15.816247627365074,15.908154487609863,1264700,0.0,0.0
2005-08-10,15.832949976230763,16.233995276223805,15.599006087761973,15.816239356994629,1972500,0.0,0.0
2005-08-11,15.816248067311633,16.19222764550978,15.774471496214124,16.117033004760742,1737200,0.0,0.0
2005-08-12,16.000045457645733,16.25905358535998,15.791167575447718,16.20892333984375,1310000,0.0,0.0
2005-08-15,16.23399827372219,16.23399827372219,15.791176343874724,15.891438484191895,1321700,0.0,0.0
2005-08-16,15.832947218250734,15.958273653466094,15.490387551643108,15.540517807006836,1340600,0.0,0.0
2005-08-17,15.406841642875802,15.841306669380147,15.314934813416873,15.732690811157227,1677900,0.0,0.0
2005-08-18,15.582295080337879,15.72433215308185,15.306576244259857,15.599005699157715,1124400,0.0,0.0
2005-08-19,15.624070639283936,15.682556207842275,15.423546413352165,15.632424354553223,760000,0.0,0.0
2005-08-22,15.640775910246616,15.799523553677478,15.239730741843024,15.356701850891113,1403400,0.0,0.0
2005-08-23,15.373414871655353,15.415191412579068,14.82197728035903,14.838687896728516,1789200,0.0,0.0
2005-08-24,14.796914990688395,15.24809218182431,14.521196127309496,14.847046852111816,2307400,0.0,0.0
2005-08-25,14.838694134738997,15.164543322866649,14.721722958203483,15.156188011169434,1111900,0.0,0.0
2005-08-26,15.523810270168267,15.682557969525242,14.989083190581493,15.214670181274414,2116700,0.0,0.0
2005-08-29,15.18124796246617,15.18124796246617,14.922239776393377,15.089341163635254,1172400,0.0,0.0
2005-08-30,15.055932622183184,15.156193209713447,14.888829518148338,14.99744701385498,1567600,0.0,0.0
2005-08-31,14.964022120408451,15.206321403036133,14.529555430353037,15.09770393371582,2424400,0.0,0.0
2005-09-01,14.989086065531666,15.624075391139955,14.788563372225791,15.523813247680664,1903700,0.0,0.0
2005-09-02,15.615716372189363,15.991695735267019,15.331642225715225,15.406838417053223,1690900,0.0,0.0
2005-09-06,15.456974512736002,15.807889673526418,15.456974512736002,15.665852546691895,2230000,0.0,0.0
2005-09-07,15.674200311074273,15.724330568870887,15.431901143435006,15.582293510437012,1176000,0.0,0.0
2005-09-08,15.498744933949341,15.599007062015769,15.339998822128486,15.390129089355469,1467500,0.0,0.0
2005-09-09,15.231375524384223,15.256441445161041,14.88046060156803,15.047563552856445,2604100,0.0,0.0
2005-09-12,15.139475650821904,15.456969457406194,15.022502906406718,15.28986644744873,1440100,0.0,0.0
2005-09-13,15.189603980481834,15.214668313252373,14.972370732668008,15.022500991821289,1135600,0.0,0.0
2005-09-14,15.005793056193781,15.390129361359959,15.005793056193781,15.298222541809082,1725800,0.0,0.0
2005-09-15,15.314929794394121,15.49874179946028,15.181248046416526,15.323285102844238,1561300,0.0,0.0
2005-09-16,15.323288366062165,15.674203427636584,15.323288366062165,15.649137496948242,2188700,0.0,0.0
2005-09-19,15.607362372155677,15.607362372155677,15.289866961289041,15.390129089355469,643500,0.0,0.0
2005-09-20,14.964022166748903,15.732693392453157,14.897181259888225,15.172900199890137,2328100,0.0,0.0
2005-09-21,15.214671220780106,15.214671220780106,14.646524456708102,14.75514030456543,2493300,0.0,0.0
2005-09-22,14.663236650577618,15.11441394745095,14.629816995408957,15.080992698669434,1930400,0.0,0.0
2005-09-23,15.030857408181834,15.657491271414823,15.022502098771914,15.599005699157715,2286900,0.0,0.0
2005-09-26,15.607366985054357,16.175515493589806,15.298226792958445,15.43190860748291,2172300,0.0,0.0
2005-09-27,15.54887477675444,15.54887477675444,15.181249146373672,15.473678588867188,1001600,0.0,0.0
2005-09-28,15.473677755765866,15.624070123443262,15.080986219361069,15.197958946228027,1378600,0.0,0.0
2005-09-29,15.214672672769616,15.766112055910533,14.955664400382142,15.732690811157227,1879400,0.0,0.0
2005-09-30,15.732690928222253,16.259062788102195,15.60736444669014,15.88308334350586,1804800,0.0,0.0
2005-10-03,15.924857973050987,16.267417759092805,15.565587564857703,15.774465560913086,1879300,0.0,0.0
2005-10-04,15.682558228964666,15.974987703056048,15.557231766814766,15.674202919006348,1088100,0.0,0.0
2005-10-05,15.615717095037436,15.76610948467506,15.298221696110806,15.339998245239258,2019300,0.0,0.0
2005-10-06,15.599014864952585,16.008415704923706,15.465333023068679,15.72434139251709,3187000,0.0,0.0
2005-10-07,15.816243118168995,16.50136273365142,15.70762566091676,16.317550659179688,2497700,0.0,0.0
2005-10-10,16.21728114587508,16.417803752457576,15.891432109380027,16.259056091308594,2257200,0.0,0.0
2005-10-11,16.242350061197303,16.977599754101895,16.242350061197303,16.568199157714844,3694300,0.0,0.0
2005-10-12,16.467935290403272,16.543131472939447,15.824592475033556,15.941563606262207,2466000,0.0,0.0
2005-10-13,15.91650235980255,15.974989536222305,15.298223694450067,15.757756233215332,2198100,0.0,0.0
2005-10-14,16.376027487533445,16.4010918153292,15.774458122645104,15.924850463867188,3102100,0.0,0.0
2005-10-17,15.95827797585554,16.08360444501628,15.632427243702594,15.866371154785156,1530900,0.0,0.0
2005-10-18,15.832948354766073,15.933208872690393,15.590649181493266,15.690911293029785,1846700,0.0,0.0
2005-10-19,15.757753783280522,15.832949976230763,15.239735742246904,15.816239356994629,1790400,0.0,0.0
2005-10-20,15.707619951734628,16.08360086923964,15.490388303411912,15.582293510437012,1112000,0.0,0.0
2005-10-21,15.607364052515084,16.01676473177371,15.456971641029746,15.824597358703613,2481700,0.0,0.0
2005-10-24,15.91650335054172,16.47629646793196,15.874728386968465,16.4428768157959,1867300,0.0,0.0
2005-10-25,16.401093136839364,16.62668166684918,16.0418244627199,16.259056091308594,1046200,0.0,0.0
2005-10-26,16.200577202961387,16.31754996685568,15.87472803225536,15.88308334350586,1267700,0.0,0.0
2005-10-27,15.874727273655513,15.874727273655513,15.482037225323516,15.6073637008667,1494600,0.0,0.0
2005-10-28,15.724334734952484,15.983342994738752,15.482037096729867,15.95827865600586,978800,0.0,0.0
2005-10-31,16.0418265429933,16.27576881753739,15.97498566546467,16.217283248901367,1115700,0.0,0.0
2005-11-01,16.158796012064965,16.62668210646179,16.142085396004923,16.476289749145508,1362400,0.0,0.0
2005-11-02,16.434511593101057,17.637648623057824,16.434511593101057,17.58751678466797,2931000,0.0,0.0
2005-11-03,17.679697367145568,17.972962803681035,17.503737465957066,17.855655670166016,2070300,0.06,0.0
2005-11-04,17.90592768149084,17.914305276964825,17.26912334822705,17.512113571166992,2036100,0.0,0.0
2005-11-07,17.61266882546274,18.073513459413583,17.520499259405227,18.05675506591797,1071300,0.0,0.0
2005-11-08,18.014848019073483,18.400281209570593,17.771856278672683,18.299734115600586,2116000,0.0,0.0
2005-11-09,18.350012508169897,18.567866733522113,18.031611162296763,18.525972366333008,1438700,0.0,0.0
2005-11-10,18.576248375760994,19.33035827176345,18.517595614696162,19.21305274963379,2446800,0.0,0.0
2005-11-11,19.028717984171593,19.47280578708525,18.844380465047855,19.1292667388916,2158100,0.0,0.0
2005-11-14,19.204680197573733,19.213059394647857,18.710318757379433,18.802488327026367,1663900,0.0,0.0
2005-11-15,19.355495854291753,19.531454137486246,19.12088321186455,19.21305274963379,2641800,0.0,0.0
2005-11-16,19.2717032135075,19.46441986208233,18.92816428407665,18.961679458618164,1562100,0.0,0.0
2005-11-17,18.995204788654263,19.313606281992868,18.995204788654263,19.18792152404785,930300,0.0,0.0
2005-11-18,19.28845806483647,19.49793306137509,19.112498236696982,19.472795486450195,737600,0.0,0.0
2005-11-21,19.456046739423865,19.548216294964472,19.196298062553637,19.405773162841797,1211900,0.0,0.0
2005-11-22,19.313596213135938,20.109601928749296,19.003574078374896,19.983917236328125,1663100,0.0,0.0
2005-11-23,20.059338174834195,20.059338174834195,19.640387929902133,19.849863052368164,987600,0.0,0.0
2005-11-25,19.81633307478962,19.983913700478716,19.69064840460644,19.90850257873535,144900,0.0,0.0
2005-11-28,19.89174614279874,19.958778079999522,19.187910003106836,19.254941940307617,916800,0.0,0.0
2005-11-29,19.22981252235526,19.363876442488493,19.011958252596763,19.296844482421875,1222000,0.0,0.0
2005-11-30,19.196296243123918,19.548214442179862,18.760587692260742,18.760587692260742,2893100,0.0,0.0
2005-12-01,18.852761793334544,19.18792168336014,18.760592224264347,18.86952018737793,1242600,0.0,0.0
2005-12-02,18.835990832828625,18.986813082260934,18.458936807415206,18.90302276611328,1062100,0.0,0.0
2005-12-05,18.802479345017037,18.936543237823376,18.207569422292206,18.525972366333008,1639100,0.0,0.0
2005-12-06,18.6600341796875,18.877888380762304,18.567864664341528,18.6600341796875,864700,0.0,0.0
2005-12-07,18.559483581617805,18.727064210963754,18.358387785303062,18.467315673828125,563200,0.0,0.0
2005-12-08,18.35839652474974,18.517598038598948,18.006478314127747,18.232711791992188,1532800,0.0,0.0
2005-12-09,18.107027171774693,18.475702177065845,18.107027171774693,18.417049407958984,891700,0.0,0.0
2005-12-12,18.433806101727406,18.51759644909612,18.056750337652165,18.408668518066406,796200,0.0,0.0
2005-12-13,18.48408296215746,18.509220550294458,18.19919668927775,18.492462158203125,826700,0.0,0.0
2005-12-14,18.4338033567512,19.321977070998614,18.4338033567512,19.28008270263672,1847400,0.0,0.0
2005-12-15,19.171156778753282,19.405769421180484,18.99519849555879,19.21305274963379,892000,0.0,0.0
2005-12-16,19.20468133832152,19.464430070374576,19.146028553487138,19.456050872802734,1179000,0.0,0.0
2005-12-19,19.439293726848756,19.49794651063019,19.00358504994598,19.095754623413086,673600,0.0,0.0
2005-12-20,19.087367132524587,19.32197816571175,18.743828178356697,18.91978645324707,707700,0.0,0.0
2005-12-21,18.9700578670469,19.648758102822686,18.9700578670469,19.514694213867188,1904800,0.0,0.0
2005-12-22,19.50631819692673,19.648761301904546,19.25494716558288,19.46442222595215,829700,0.0,0.0
2005-12-23,19.372250408274745,19.648757368685274,19.296839273783917,19.531450271606445,574800,0.0,0.0
2005-12-27,19.573342478125475,19.640374407235473,19.10411737618826,19.271697998046875,555400,0.0,0.0
2005-12-28,19.347121042311418,19.347121042311418,18.836001268973835,19.1292667388916,496100,0.0,0.0
2005-12-29,19.213051778621498,19.355494876080503,18.861133631850297,19.112503051757812,504600,0.0,0.0
2005-12-30,19.04547724047624,19.162784392666907,18.66004379259233,18.97006607055664,639200,0.0,0.0
2006-01-03,18.970058145641705,19.221429139750622,18.22432755260397,19.045469284057617,1723700,0.0,0.0
2006-01-04,19.06223137401659,19.3638759862939,18.91140906787794,18.986820220947266,996100,0.0,0.0
2006-01-05,18.852752181656555,19.04546882039771,18.66841473566514,18.936542510986328,976200,0.0,0.0
2006-01-06,19.162778492427165,19.338736769282956,18.727069999973082,18.911407470703125,1928100,0.0,0.0
2006-01-09,18.76895708039243,19.09573912187872,18.76895708039243,19.028705596923828,1555100,0.0,0.0
2006-01-10,18.852753781808232,19.104123192965247,18.727069076229725,19.01195526123047,994600,0.0,0.0
2006-01-11,19.062222468316822,19.22980308532715,18.886264258806463,19.22980308532715,677200,0.0,0.0
2006-01-12,19.13764466009204,19.506321271947986,18.961684750595833,19.430910110473633,1214000,0.0,0.0
2006-01-13,19.33873226135045,19.53144888103176,19.204668386948892,19.254941940307617,707900,0.0,0.0
2006-01-17,19.14602192099264,19.238189866017393,18.710313387204465,18.85275650024414,1135300,0.0,0.0
2006-01-18,18.86112486795731,19.053841440217777,18.534344454283733,18.827608108520508,2303100,0.0,0.0
2006-01-19,18.852754555816585,19.3387366093287,18.827616974401753,19.17115592956543,1952700,0.0,0.0
2006-01-20,19.137634242522388,19.38062438753732,18.484071731567383,18.484071731567383,1161700,0.0,0.0
2006-01-23,18.484076770053676,18.768962947497474,17.914304415166082,18.70193099975586,1605800,0.0,0.0
2006-01-24,19.23818966573305,19.26332724947881,18.484079733207743,18.986820220947266,1615400,0.0,0.0
2006-01-25,18.97844972802854,19.02034572014755,18.467331409526118,18.634910583496094,1521300,0.0,0.0
2006-01-26,18.760586552320227,19.095747939183898,18.660039414795474,18.99519920349121,1362800,0.0,0.0
2006-01-27,19.00356632869783,19.196282885031415,18.685163533030497,19.02032470703125,1303500,0.0,0.0
2006-01-30,19.970513744935175,20.533892512629315,19.465995182193804,20.138687133789062,3820400,0.08,0.0
2006-01-31,20.214360928877618,20.2648122938489,19.72665852014865,20.01255226135254,1230400,0.0,0.0
2006-02-01,19.81074663830116,20.01255371668184,19.592121902433735,19.625757217407227,1251300,0.0,0.0
2006-02-02,19.53325350834493,20.09663196718067,19.49961981130518,19.5668888092041,919700,0.0,0.0
2006-02-03,19.550079345703125,19.70143505531333,19.196916557886006,19.550079345703125,578900,0.0,0.0
2006-02-06,19.55848870775967,19.894833847275972,19.55848870775967,19.886425018310547,646800,0.0,0.0
2006-02-07,19.903244764725628,20.046191664497258,19.516446610829334,19.63416862487793,1345400,0.0,0.0
2006-02-08,19.634162936153743,20.05459468380663,19.41553823491586,19.98732566833496,1150400,0.0,0.0
2006-02-09,20.037778876214567,20.382532812766318,19.89483200468189,20.11345672607422,897300,0.0,0.0
2006-02-10,20.18072636241237,20.70206249912217,19.810745930031867,20.676836013793945,1790600,0.0,0.0
2006-02-13,20.95432163478214,21.19817125246032,20.69365435965854,20.760923385620117,2315500,0.0,0.0
2006-02-14,20.979543472668652,21.509286734267274,20.483433914688803,21.408382415771484,2142700,0.0,0.0
2006-02-15,21.727921772585415,21.727921772585415,21.097273892043237,21.643835067749023,2107500,0.0,0.0
2006-02-16,21.744729179485827,21.778362883266404,20.92068178529519,20.954317092895508,2196300,0.0,0.0
2006-02-17,21.03000460483244,21.03000460483244,20.432990450862363,20.90387535095215,1461800,0.0,0.0
2006-02-21,20.971138594009798,20.971138594009798,20.46662011418548,20.676836013793945,1190700,0.0,0.0
2006-02-22,20.777736941228863,20.878641269949984,20.44139185185828,20.70206069946289,746800,0.0,0.0
2006-02-23,20.702063630318438,21.004773451697584,20.57593280060533,20.64320182800293,1065300,0.0,0.0
2006-02-24,20.64319477240793,20.676830076520652,19.953687076292898,20.096633911132812,2330400,0.0,0.0
2006-02-27,20.172316317923485,20.42457634453869,20.02096062271835,20.332080841064453,1350000,0.0,0.0
2006-02-28,20.332084016464588,20.348901674962786,19.819156659010922,19.894834518432617,1435000,0.0,0.0
2006-03-01,20.0125592137711,20.26481933390333,19.911656448774636,20.155506134033203,1043600,0.0,0.0
2006-03-02,20.05460041790352,20.222772202757163,19.81915799452406,19.911653518676758,1274900,0.0,0.0
2006-03-03,19.894836999172842,20.306860060833774,19.87801933857761,20.029375076293945,999600,0.0,0.0
2006-03-06,20.029369465410504,20.054595949236592,18.692396295206738,19.423948287963867,2763400,0.0,0.0
2006-03-07,19.29782780019734,19.415548236962252,19.12124554122931,19.31464385986328,1090700,0.0,0.0
2006-03-08,19.23895835876465,19.432358204626894,18.919430898165338,19.23895835876465,1689900,0.0,0.0
2006-03-09,19.255777893807554,19.76870525030026,19.21373535146102,19.667800903320312,1001100,0.0,0.0
2006-03-10,19.735068222613275,20.281630848660047,19.608939002687116,20.071414947509766,1586300,0.0,0.0
2006-03-13,20.1891299525197,20.29844148627297,19.869600969881617,19.878009796142578,1465500,0.0,0.0
2006-03-14,19.819156833593098,19.861200980208945,19.558489539855653,19.71825408935547,1077800,0.0,0.0
2006-03-15,19.810735026207105,20.06299492918548,19.70142352425655,19.802326202392578,2180900,0.0,0.0
2006-03-16,19.80233330207352,19.80233330207352,19.10441671343696,19.213729858398438,1939500,0.0,0.0
2006-03-17,19.20532942545781,19.306232183870833,18.599908063518384,19.020339965820312,1918400,0.0,0.0
2006-03-20,19.070789828433462,19.465995207793448,19.070789828433462,19.331457138061523,1008900,0.0,0.0
2006-03-21,19.508039474487305,19.625759885256798,19.264188219241564,19.508039474487305,1589400,0.0,0.0
2006-03-22,19.54167385334757,19.600534060729704,19.171693344890834,19.365093231201172,2111400,0.0,0.0
2006-03-23,19.08760066049753,19.08760066049753,18.305597407514487,18.532630920410156,4832800,0.0,0.0
2006-03-24,18.499001231146053,18.91943307730846,18.499001231146053,18.583087921142578,2156100,0.0,0.0
2006-03-27,18.608312805467385,19.011928596686662,18.431732199912876,18.583087921142578,1853500,0.0,0.0
2006-03-28,18.62513921199542,18.936259629962024,18.39810552351879,18.700817108154297,1971800,0.0,0.0
2006-03-29,18.675583073917633,18.835347635113067,18.238335143845358,18.49900245666504,3270600,0.0,0.0
2006-03-30,18.40650903890211,18.49900457499967,18.20470190872421,18.246746063232422,2243900,0.0,0.0
2006-03-31,18.246735887735195,18.356047420856733,17.9356157331561,18.112197875976562,1914200,0.0,0.0
2006-04-03,18.238335143845358,18.658767017860473,18.204699824090394,18.49900245666504,1514300,0.0,0.0
2006-04-04,18.507411100122837,18.818529785619805,18.398097915840967,18.675582885742188,1214600,0.0,0.0
2006-04-05,18.63353674913191,19.121237559930094,18.63353674913191,19.079195022583008,1065500,0.0,0.0
2006-04-06,19.12964319392493,19.280998869213295,18.85215832383617,19.213729858398438,1498900,0.0,0.0
2006-04-07,19.323048384792745,19.423952739401667,18.88579885452126,19.053972244262695,1056700,0.0,0.0
2006-04-10,19.053964731961816,19.062373558515617,18.65035068029741,18.877384185791016,1480400,0.0,0.0
2006-04-11,18.852163891965347,18.852163891965347,18.11220455444931,18.255149841308594,1930300,0.0,0.0
2006-04-12,18.18787776433326,18.33923345897508,17.935619342476848,18.213104248046875,2118700,0.0,0.0
2006-04-13,18.280378434875082,18.37287396415127,18.002893450866903,18.078571319580078,915100,0.0,0.0
2006-04-17,18.179471639829014,19.35668035272863,18.171062811415872,19.23895835876465,3102100,0.0,0.0
2006-04-18,19.289414131447796,19.7602973642496,19.281005301813085,19.37350082397461,2163400,0.0,0.0
2006-04-19,19.49122748222277,19.508045146885753,19.163291040398462,19.25578498840332,2136100,0.0,0.0
2006-04-20,19.802338241806563,20.3825346072032,19.62575764580157,19.93687629699707,3130000,0.0,0.0
2006-04-21,20.04619019971988,20.071416687419916,19.55848933092721,19.667800903320312,1361100,0.0,0.0
2006-04-24,19.63416466183866,20.231177026144817,19.423948769535937,20.163908004760742,1926200,0.0,0.0
2006-04-25,20.290038426364053,20.45821179173829,19.970510956737094,20.432985305786133,2080000,0.0,0.0
2006-04-26,20.550713174427532,20.60957338797889,20.088237089428716,20.155506134033203,1828100,0.0,0.0
2006-04-27,20.180810651521256,20.197684625174478,19.944579847948265,20.10487937927246,1351800,0.08,0.0
2006-04-28,20.10487937927246,20.25674192377005,19.83490223758373,20.10487937927246,1070900,0.0,0.0
2006-05-01,20.163934155703682,20.408601915499517,19.99519926784943,20.30735969543457,1329300,0.0,0.0
2006-05-02,20.265183912022863,20.425481873717732,19.986769714795184,20.366424560546875,995800,0.0,0.0
2006-05-03,20.44235154885849,20.8810652246323,20.383294248117927,20.68701934814453,1212700,0.0,0.0
2006-05-04,20.67014772797787,21.55601055835769,20.67014772797787,21.446332931518555,1513700,0.0,0.0
2006-05-05,21.64038458661381,21.775373213642723,21.395718303570668,21.69944190979004,910700,0.0,0.0
2006-05-08,21.69100491945181,21.775373213642723,21.556016292422896,21.69944190979004,647000,0.0,0.0
2006-05-09,21.66568587179546,21.800674438476562,21.505386345415157,21.800674438476562,722800,0.0,0.0
2006-05-10,21.707877445369274,21.809119713451864,21.20166932333883,21.4210262298584,1855300,0.0,0.0
2006-05-11,21.404153355710456,21.404153355710456,21.10886515737701,21.269163131713867,1267800,0.0,0.0
2006-05-12,21.243844414880147,21.260718386596125,20.670142250061033,21.091981887817383,1869500,0.0,0.0
2006-05-15,21.00761861295695,21.361964056947635,20.923250343589473,21.353527069091797,1413800,0.0,0.0
2006-05-16,21.353525911345095,21.378836873540294,20.737640313979156,20.79669761657715,2044200,0.0,0.0
2006-05-17,20.7376379762142,20.762948935556082,20.079567516040896,20.231430053710938,1824700,0.0,0.0
2006-05-18,20.34111025371685,20.83888121388627,20.307362306292823,20.653270721435547,2171900,0.0,0.0
2006-05-19,20.779831657199516,20.9654422331784,20.31580843563516,20.577348709106445,1482300,0.0,0.0
2006-05-22,20.298928367753767,20.855756710344178,20.147065799921666,20.60265350341797,1360800,0.0,0.0
2006-05-23,20.754514321761008,21.184791024618402,20.17237506387267,20.18924903869629,1579900,0.0,0.0
2006-05-24,20.020510118855867,20.526718038799217,19.82646425912128,20.27361488342285,1801300,0.0,0.0
2006-05-25,20.40016451411706,20.91480937134727,20.332670238512314,20.627958297729492,822500,0.0,0.0
2006-05-26,20.670141070196085,20.86418690628202,20.54358950793093,20.77138328552246,646000,0.0,0.0
2006-05-30,20.771387381873797,20.771387381873797,19.953017340065852,20.020511627197266,903200,0.0,0.0
2006-05-31,20.02050825076332,20.661704674970114,20.02050825076332,20.64483070373535,986400,0.0,0.0
2006-06-01,20.492973648360223,21.134168584092887,20.222994885347116,21.11729621887207,1323800,0.0,0.0
2006-06-02,21.34508701938177,21.45476623658378,20.914811964791305,21.032926559448242,975700,0.0,0.0
2006-06-05,20.948556998948323,21.091982544619356,20.197682935300854,20.239866256713867,947700,0.0,0.0
2006-06-06,20.214559198331862,20.476100990961413,19.75053613650283,20.417043685913086,1233200,0.0,0.0
2006-06-07,21.00761620658274,21.302904310948886,20.298925399780273,20.298925399780273,1688700,0.0,0.0
2006-06-08,20.17237496205962,20.712329280163683,19.733661274004675,20.543594360351562,2621800,0.0,0.0
2006-06-09,20.72076466606184,20.923247519701324,20.577339110251707,20.636396408081055,809500,0.0,0.0
2006-06-12,20.58577751397081,20.999180236423094,20.08800652773033,20.113317489624023,1083900,0.0,0.0
2006-06-13,20.121752573569175,20.17237288337751,19.742096227030068,19.81802749633789,1278200,0.0,0.0
2006-06-14,19.96144975068958,20.01207005213511,19.497426834193135,19.674598693847656,1697300,0.0,0.0
2006-06-15,19.68304142711061,20.476100557580725,19.68304142711061,20.22299575805664,1982000,0.0,0.0
2006-06-16,20.24830392420897,20.37485550189715,20.028947105260496,20.27361488342285,928400,0.0,0.0
2006-06-19,20.41703738850451,20.450783719898784,19.683035772692122,19.910829544067383,1479900,0.0,0.0
2006-06-20,19.868651236367256,20.25674463640853,19.80115694190672,20.096445083618164,1188600,0.0,0.0
2006-06-21,20.197684695546155,20.91481248639962,20.1133164361768,20.653270721435547,941800,0.0,0.0
2006-06-22,20.63639371811797,20.85575051659849,20.307359324992426,20.64483070373535,703800,0.0,0.0
2006-06-23,20.518284581654658,21.513826619970914,20.44235330014302,21.353527069091797,1122300,0.0,0.0
2006-06-26,21.43788917263863,21.48007249059444,20.82200371901738,21.024486541748047,1174100,0.0,0.0
2006-06-27,21.066665238000198,21.311332934200763,20.552022113244316,20.619516372680664,1175000,0.0,0.0
2006-06-28,20.720768068559373,20.720768068559373,19.82646824917026,20.349550247192383,1516400,0.0,0.0
2006-06-29,20.34954379931249,21.041360512606545,20.34954379931249,21.024486541748047,1264100,0.0,0.0
2006-06-30,21.1510408118576,21.210098108230454,20.78825843792076,21.01605224609375,1369600,0.0,0.0
2006-07-03,21.151041630758264,21.547571966083773,21.016053059768087,21.539134979248047,530000,0.0,0.0
2006-07-05,21.446332413881795,21.674126259346806,21.049803638183764,21.53070068359375,1278200,0.0,0.0
2006-07-06,21.47164429926016,21.766930842141345,21.04980454178307,21.167919158935547,1395600,0.0,0.0
2006-07-07,21.14260557129868,21.26072178298903,20.788260154609173,21.11729621887207,909300,0.0,0.0
2006-07-10,21.176352456149726,21.3197780130605,20.89793832911007,21.049800872802734,891200,0.0,0.0
2006-07-11,21.032926549689737,21.429455266704526,20.771386400560434,21.328214645385742,1913100,0.0,0.0
2006-07-12,21.311334174135226,21.665679459090068,21.235402926702747,21.336645126342773,1552900,0.0,0.0
2006-07-13,21.29446835508638,21.30290534238428,20.012075251240034,20.113317489624023,1759300,0.0,0.0
2006-07-14,20.13862564164641,20.341108480971887,19.446807262462823,20.239866256713867,1865700,0.0,0.0
2006-07-17,20.163935611767275,20.307361161855106,19.379313579474477,19.446807861328125,1746000,0.0,0.0
2006-07-18,18.746554689610385,19.57336168053141,18.248783741403383,19.244325637817383,5072500,0.0,0.0
2006-07-19,18.316276785965893,18.85623263090002,18.20659918527694,18.746553421020508,4282200,0.0,0.0
2006-07-20,18.67906533736527,18.780307594744343,17.607593496555143,17.683523178100586,3252900,0.0,0.0
2006-07-21,17.683518073875877,18.23191092850351,17.07606953251051,18.071611404418945,3202300,0.0,0.0
2006-07-24,18.12223208802776,18.628440020878003,18.12223208802776,18.400646209716797,1990800,0.0,0.0
2006-07-25,18.307845732130545,18.434397334866926,17.869132007399553,18.290971755981445,2060900,0.0,0.0
2006-07-26,18.265662698024222,18.265662698024222,17.41354612385611,17.56540870666504,3150200,0.0,0.0
2006-07-27,17.5654017350811,17.67508093877491,17.16043608111271,17.303861618041992,2326000,0.0,0.0
2006-07-28,17.430420101766238,17.717271289473963,17.346051821406714,17.56540870666504,1505500,0.0,0.0
2006-07-31,17.5908083895469,17.74325667113678,17.158872130174693,17.42142105102539,1242100,0.08,0.0
2006-08-01,17.311325965921426,17.46377429642275,17.06571440780309,17.25204086303711,1725000,0.0,0.0
2006-08-02,17.277446615199413,17.692443921339752,17.235100577686275,17.607751846313477,1589700,0.0,0.0
2006-08-03,17.582344610174726,18.141320748513984,17.3028565410051,17.921117782592773,1301000,0.0,0.0
2006-08-04,18.10744159532068,18.64948025580716,17.633159180868102,17.861831665039062,1306800,0.0,0.0
2006-08-07,17.760194247888705,17.86182697485487,17.328257985227943,17.48917579650879,865200,0.0,0.0
2006-08-08,17.446832057933587,17.641626393491386,17.099589419627037,17.15887451171875,961300,0.0,0.0
2006-08-09,17.277446268717583,17.37907901826787,16.515206300982552,16.557552337646484,2923300,0.0,0.0
2006-08-10,16.557546831633015,16.930197968866405,16.396630653502616,16.5914249420166,1751400,0.0,0.0
2006-08-11,16.523678198155817,16.599902367387028,16.03245667166468,16.227251052856445,1341800,0.0,0.0
2006-08-14,16.430514385909717,16.853981259852738,16.295005115479782,16.438983917236328,1288100,0.0,0.0
2006-08-15,16.710001018014918,17.30285523660167,16.557552698069877,17.260507583618164,1849400,0.0,0.0
2006-08-16,17.36214496105041,17.8279579601876,17.319798912182748,17.751733779907227,2141700,0.0,0.0
2006-08-17,17.700915486753466,17.853363823962116,17.523060170275357,17.7263240814209,1348000,0.0,0.0
2006-08-18,17.607747446478527,17.71784808573934,17.235096270969635,17.42142105102539,815600,0.0,0.0
2006-08-21,17.294380403654973,17.345195956257655,16.811628615436252,16.9471378326416,1999600,0.0,0.0
2006-08-22,16.887854523395195,17.108057428300153,16.777752263243986,16.879384994506836,1763100,0.0,0.0
2006-08-23,16.828576441776057,16.9047990027054,16.515210204052195,16.574495315551758,1939700,0.0,0.0
2006-08-24,16.5999015676567,16.70153271147006,16.16796516795516,16.354290008544922,2146400,0.0,0.0
2006-08-25,16.345820688041524,16.54908620908435,16.210311417611592,16.438983917236328,1395500,0.0,0.0
2006-08-28,16.489797270293366,17.184284207017168,16.345818487916173,16.786224365234375,2365000,0.0,0.0
2006-08-29,16.84552011165635,16.9048052450478,16.42205302697601,16.862459182739258,1564800,0.0,0.0
2006-08-30,16.811633626027966,16.921734292048072,16.506736988744937,16.64224624633789,1810900,0.0,0.0
2006-08-31,16.65071577686217,16.853979663251597,16.464390951521306,16.64224624633789,1541300,0.0,0.0
2006-09-01,16.676127384228806,16.76928900604816,16.523679038017775,16.66765785217285,1231900,0.0,0.0
2006-09-05,16.25265886473156,16.625308545911086,16.151026105520298,16.354290008544922,2152500,0.0,0.0
2006-09-06,16.193371514957985,16.42204236451147,15.981638110091575,16.151023864746094,2058100,0.0,0.0
2006-09-07,16.12561912726591,16.498268808445435,16.083271471178755,16.354290008544922,1597300,0.0,0.0
2006-09-08,16.422036767894856,16.540608532681308,16.17642694196024,16.18489646911621,935900,0.0,0.0
2006-09-11,16.091741190699654,16.345820668604162,15.896946816613001,16.337352752685547,2795000,0.0,0.0
2006-09-12,16.413572057257664,17.175813571001413,16.362756494807282,17.15887451171875,2445800,0.0,0.0
2006-09-13,17.023369266792358,17.38755104992253,16.930206034252645,17.294387817382812,2142500,0.0,0.0
2006-09-14,17.27745219022324,17.27745219022324,16.896332883433484,16.972557067871094,2757900,0.0,0.0
2006-09-15,17.057242162519376,17.116527255970414,16.43898102310478,16.481327056884766,4439400,0.0,0.0
2006-09-18,16.498264546537605,16.786222071952114,16.235715608211724,16.582958221435547,1480400,0.0,0.0
2006-09-19,16.523677247205292,16.904796456029647,16.41357495780869,16.684595108032227,2663500,0.0,0.0
2006-09-20,16.794697717035824,17.277449739739126,16.68459703035184,16.83704376220703,2138700,0.0,0.0
2006-09-21,16.938677437697784,17.108064858234027,16.667658857158326,16.726943969726562,2075800,0.0,0.0
2006-09-22,16.66765391704531,16.803163167151556,16.328880791779692,16.599899291992188,1224300,0.0,0.0
2006-09-25,16.55754477997328,16.650707956587002,16.328874024807714,16.52366828918457,1863200,0.0,0.0
2006-09-26,16.498269878193646,17.023369539936493,16.47286289829187,16.981021881103516,1592600,0.0,0.0
2006-09-27,16.938672579478663,17.175814577134535,16.820102388349575,17.16734504699707,2438300,0.0,0.0
2006-09-28,17.20121778598329,17.3706051208502,16.997953953381405,17.268972396850586,2183400,0.0,0.0
2006-09-29,17.108062605510337,17.734793394331884,16.79469640340059,17.5908145904541,4831400,0.0,0.0
2006-10-02,17.47224679737509,17.514594464404073,17.209697723388672,17.209697723388672,1619900,0.0,0.0
2006-10-03,17.124997695166375,18.039685965804985,17.03183609282387,17.904176712036133,3085200,0.0,0.0
2006-10-04,17.870302851730703,18.573257815493,17.709384983284497,18.276830673217773,3045100,0.0,0.0
2006-10-05,18.2090742374513,18.336113967191167,18.082034507711434,18.29376792907715,2290200,0.0,0.0
2006-10-06,18.251411585510596,18.463144906063604,17.954986229054015,18.31916618347168,1568300,0.0,0.0
2006-10-09,18.319176351361858,18.691827654683,18.014281299006317,18.573257446289062,1381800,0.0,0.0
2006-10-10,18.945905147881227,19.665797408157687,18.666417127372185,18.810394287109375,3431500,0.0,0.0
2006-10-11,18.810401109144795,18.928972953398336,18.463158340012864,18.8358097076416,1580500,0.0,0.0
2006-10-12,18.861210397899093,19.318553671296502,18.861210397899093,19.18304443359375,1609600,0.0,0.0
2006-10-13,19.327024362292335,19.42865710437714,18.497029827624015,18.7257022857666,4535900,0.0,0.0
2006-10-16,18.801932784400925,19.174582528558666,18.708769540662402,19.13223648071289,3323800,0.0,0.0
2006-10-17,18.78499536847663,18.835810953432944,18.302243272895847,18.463159561157227,3796600,0.0,0.0
2006-10-18,18.446211926649028,18.717230383999667,17.76019463915811,18.12437629699707,3296800,0.0,0.0
2006-10-19,17.980400101007696,18.573254272465498,17.980400101007696,18.378459930419922,1596500,0.0,0.0
2006-10-20,18.4631505228043,18.4631505228043,17.971929134300993,18.20060157775879,1188600,0.0,0.0
2006-10-23,18.09897724276519,18.513974639028557,17.66704078165888,18.226016998291016,2038900,0.0,0.0
2006-10-24,18.082039459636988,18.488567352294922,17.870305980286197,18.488567352294922,2317700,0.0,0.0
2006-10-25,18.41233927119036,18.674888277672036,18.242953492820657,18.47162437438965,1891300,0.0,0.0
2006-10-26,18.505503187099382,18.59019688713101,18.107443281570113,18.327646255493164,1680100,0.0,0.0
2006-10-27,18.209069968768503,18.429272869215254,18.014275654472407,18.12437629699707,1581800,0.0,0.0
2006-10-30,18.082031139040648,18.615598550703943,17.96345934669519,18.54784393310547,1803800,0.0,0.0
2006-10-31,18.607134334818962,18.95437705109047,18.200606513144702,18.327646255493164,1892500,0.0,0.0
2006-11-01,18.386926139894022,18.691822727272747,18.073561638774787,18.115907669067383,1346100,0.0,0.0
2006-11-02,18.022749415860783,18.098973576816697,17.56540445012531,17.844892501831055,1488100,0.0,0.0
2006-11-03,17.95541365991258,18.159452248808176,17.751373449462424,17.8533935546875,1169300,0.08,0.0
2006-11-06,18.618539157235922,18.82257775148824,18.176454725578598,18.482513427734375,4091000,0.0,0.0
2006-11-07,18.414490098045594,18.499506536057943,18.261460833934095,18.38898468017578,1648400,0.0,0.0
2006-11-08,18.380495458576902,18.55902862548828,18.14244961447375,18.55902862548828,1940400,0.0,0.0
2006-11-09,18.55902897699854,18.55902897699854,18.235968259611916,18.329484939575195,1672100,0.0,0.0
2006-11-10,18.397497142167182,19.035118364246596,18.244467789419385,18.992610931396484,2427400,0.0,0.0
2006-11-13,19.035118364246596,19.111633040620493,18.831079767767736,18.992610931396484,1128300,0.0,0.0
2006-11-14,18.96710830119583,19.10313405227991,18.74606605029548,19.086132049560547,1026500,0.0,0.0
2006-11-15,19.018116364039322,19.256160582487347,18.890590822379743,18.992610931396484,2200400,0.0,0.0
2006-11-16,19.128633499145508,19.30716663345811,18.882085889032656,19.128633499145508,1486900,0.0,0.0
2006-11-17,19.205146020402402,19.205146020402402,18.76306170634438,18.865081787109375,1403300,0.0,0.0
2006-11-20,18.83959274566473,18.83959274566473,18.44001712674275,18.567541122436523,1634600,0.0,0.0
2006-11-21,18.525011953927756,18.644033994212837,18.320971854076635,18.38898468017578,1470000,0.0,0.0
2006-11-22,18.295486283367573,18.59304330205447,18.218971575089363,18.440013885498047,1061100,0.0,0.0
2006-11-24,18.346495548367947,18.440013885498047,18.2444753968119,18.440013885498047,379000,0.0,0.0
2006-11-27,18.49101575882376,18.771569036509245,18.448508325241427,18.55902862548828,1513400,0.0,0.0
2006-11-28,18.56753834384569,18.576040158493743,18.320990583718213,18.47402000427246,1347100,0.0,0.0
2006-11-29,18.508018860098893,18.55052629248515,18.312482076634748,18.482513427734375,1489300,0.0,0.0
2006-11-30,18.440007289791154,18.695055145121632,18.337987174726134,18.593036651611328,1287300,0.0,0.0
2006-12-01,18.66104818489518,18.712057427997767,18.13394726765309,18.278474807739258,1608500,0.0,0.0
2006-12-04,18.354992936308015,18.354992936308015,17.8874046065316,18.057435989379883,2480500,0.0,0.0
2006-12-05,18.065939293694374,18.371998078273396,17.94691715371588,18.24447250366211,1522000,0.0,0.0
2006-12-06,18.269972106157134,18.388994208111438,18.12544457311783,18.22746467590332,716000,0.0,0.0
2006-12-07,18.193467015109576,18.916105060846238,18.006431953324064,18.754573822021484,3804300,0.0,0.0
2006-12-08,18.68655383606054,19.188149370374905,18.644046399547697,18.83108139038086,1956900,0.0,0.0
2006-12-11,18.79707654485556,18.873591230994972,18.61003992471263,18.66105079650879,1417900,0.0,0.0
2006-12-12,18.746056927995813,18.754558735995737,18.210455996433392,18.32097625732422,1876300,0.0,0.0
2006-12-13,18.405999453634106,18.46551050986463,17.75137459198904,17.861896514892578,3340500,0.0,0.0
2006-12-14,17.785383469710656,18.295480832401594,17.700366972336365,18.108444213867188,2135200,0.0,0.0
2006-12-15,17.878903905324496,18.6440492295826,17.83639484080432,18.269977569580078,2617200,0.0,0.0
2006-12-18,18.27847324992926,18.337984298736128,17.85339247667509,18.09143829345703,1666100,0.0,0.0
2006-12-19,18.006428911695064,18.133952869623748,17.827894073350826,18.014930725097656,1374100,0.0,0.0
2006-12-20,17.98092042166226,18.0999441675553,17.776881799273255,18.006425857543945,2067300,0.0,0.0
2006-12-21,18.00642789176293,18.05743714773408,17.7683819946392,17.81939125061035,1277900,0.0,0.0
2006-12-22,17.802378509823974,17.84488592723815,17.53032714664356,17.649349212646484,989400,0.0,0.0
2006-12-26,17.58984391339168,17.861895365252472,17.51332923986151,17.8533935546875,547600,0.0,0.0
2006-12-27,17.91290754753259,18.167957041684968,17.802387235154942,18.006425857543945,668800,0.0,0.0
2006-12-28,17.97242064007882,17.98092245299985,17.7683819946392,17.81939125061035,1081500,0.0,0.0
2006-12-29,17.742876300909845,17.86189842610619,17.555839679538625,17.657859802246094,1166300,0.0,0.0
2007-01-03,18.431501934078682,19.38368192432858,18.320980028881742,19.06062126159668,4251000,0.0,0.0
2007-01-04,18.98411337105381,19.774764122907527,18.98411337105381,19.681245803833008,2838000,0.0,0.0
2007-01-05,19.553721900156734,19.664242223499514,19.120139176479704,19.273168563842773,1902300,0.0,0.0
2007-01-08,19.341182335071913,19.502713542674964,19.10313643026505,19.366687774658203,1522200,0.0,0.0
2007-01-09,19.392185817646055,20.012805023649953,19.366682007209928,19.919286727905273,2158600,0.0,0.0
2007-01-10,19.919289786082675,19.919289786082675,19.604729229454954,19.723752975463867,1345500,0.0,0.0
2007-01-11,19.766256264095357,20.004302084583863,19.443195584875838,19.51970863342285,2564700,0.0,0.0
2007-01-12,19.579219709109772,20.07231330871582,19.52820885216289,20.07231330871582,1541600,0.0,0.0
2007-01-16,20.157336557378784,20.36137682705384,19.961799722291477,20.267858505249023,1060800,0.0,0.0
2007-01-17,20.276356995961912,20.429386362366532,20.140331252836646,20.301860809326172,1277400,0.0,0.0
2007-01-18,20.242349749403214,20.34436986752455,20.199842312759603,20.301860809326172,2033000,0.0,0.0
2007-01-19,20.41238784790039,20.556915438837706,20.242354815660548,20.41238784790039,1240400,0.0,0.0
2007-01-22,20.769449865222903,21.33055643790585,20.48889657888143,20.70143699645996,2510500,0.0,0.0
2007-01-23,20.403880808233655,20.64192666808943,20.004305392832126,20.446388244628906,1718600,0.0,0.0
2007-01-24,20.395376107301274,20.72693860456624,20.157330281168633,20.53990364074707,2123700,0.0,0.0
2007-01-25,20.488903140001117,20.488903140001117,19.97880565015422,20.03831672668457,1630000,0.0,0.0
2007-01-26,20.046815129395338,20.123329820929875,19.553721351481055,19.85127830505371,1472100,0.0,0.0
2007-01-29,19.80877192579567,20.539911689929344,19.681247963146934,20.310367584228516,4389400,0.0,0.0
2007-01-30,20.327368375481385,20.896976842622458,20.318866562950333,20.871471405029297,3359100,0.0,0.0
2007-01-31,20.837469218765627,21.458087042062825,20.616426921107337,21.36456871032715,3385900,0.0,0.0
2007-02-01,21.44108135488447,21.764143767185463,21.21153888689224,21.50909423828125,2373400,0.0,0.0
2007-02-02,21.381562550550893,21.449575409346327,21.118012925412895,21.28804588317871,3121400,0.0,0.0
2007-02-05,21.4160302563494,21.4160302563494,21.040609355673062,21.0918025970459,1788400,0.09,0.0
2007-02-06,21.151538014417156,21.441634244486632,21.11740808887697,21.39897346496582,2072900,0.0,0.0
2007-02-07,21.347773827302248,21.689064843735537,21.347773827302248,21.663467407226562,2381000,0.0,0.0
2007-02-08,21.55254123858343,21.842638912509678,21.50134801006803,21.782913208007812,2895900,0.0,0.0
2007-02-09,21.808520326720146,21.842650248378707,21.501359168814275,21.646408081054688,1657500,0.0,0.0
2007-02-12,21.51841803577206,22.03035536256063,21.51841803577206,22.013290405273438,2201200,0.0,0.0
2007-02-13,22.09860996525575,22.764128544432815,21.868237961609424,22.7385311126709,4097500,0.0,0.0
2007-02-14,22.772660832088096,22.815321590599137,22.303384351448535,22.653207778930664,3102800,0.0,0.0
2007-02-15,22.61055974868944,22.968915855085605,22.516704074246185,22.95185089111328,2246800,0.0,0.0
2007-02-16,23.00303240864062,23.00303240864062,22.670273918133105,22.79825782775879,1416200,0.0,0.0
2007-02-20,22.73853938993938,23.352864956622646,22.584957998268564,23.30167007446289,2509700,0.0,0.0
2007-02-21,23.16515483311179,23.64296236597677,22.96038017616965,23.514978408813477,2267600,0.0,0.0
2007-02-22,23.549101229013562,24.009843661310956,23.395519875779822,23.77094078063965,2240200,0.0,0.0
2007-02-23,23.762407478982702,24.001310351375373,23.43817982730156,23.950117111206055,2169900,0.0,0.0
2007-02-26,23.95865938674788,23.95865938674788,23.02864006843195,23.13956069946289,2308400,0.0,0.0
2007-02-27,22.900650291208876,22.985973456335792,22.311922241977577,22.397245407104492,2561800,0.0,0.0
2007-02-28,22.397246617238853,22.789730919663164,22.038890606266868,22.661746978759766,2209400,0.0,0.0
2007-03-01,22.42283531507811,22.87504517180788,22.013284585480463,22.51668930053711,2015800,0.0,0.0
2007-03-02,22.439907534697504,22.52523070499072,22.013293310635543,22.021825790405273,1868700,0.0,0.0
2007-03-05,21.945032615641566,21.97063005205306,21.509885961069713,21.5952091217041,1869500,0.0,0.0
2007-03-06,21.672005867968483,22.004766124817845,21.475763682778084,21.71466827392578,2488000,0.0,0.0
2007-03-07,21.714663986721227,22.32898786457863,21.629340819056683,22.235132217407227,2049500,0.0,0.0
2007-03-08,22.482572877509735,22.491105358396748,22.013296193150026,22.081554412841797,1337700,0.0,0.0
2007-03-09,22.277791415776683,22.567889167734695,22.226596546087272,22.559356689453125,1589900,0.0,0.0
2007-03-12,22.474033705694378,22.78972726750448,22.46550122734764,22.695873260498047,1378300,0.0,0.0
2007-03-13,22.610552874109942,22.670278602449358,21.774389422550016,21.910905838012695,1602200,0.0,0.0
2007-03-14,21.765860400067435,21.81705365714557,21.023550849115082,21.569618225097656,2104700,0.0,0.0
2007-03-15,21.364837337014396,21.996226081475807,21.364837337014396,21.953563690185547,2157200,0.0,0.0
2007-03-16,21.95356150183923,22.073014558140965,21.646400452186512,21.74878692626953,1146300,0.0,0.0
2007-03-19,21.774390575963285,22.013293501975905,21.61227671373749,22.004762649536133,1022400,0.0,0.0
2007-03-20,22.064491656232715,22.474040985107422,21.851184510684927,22.474040985107422,1330400,0.0,0.0
2007-03-21,22.41431438336626,22.619089039934213,22.013295923608588,22.60202407836914,1187700,0.0,0.0
2007-03-22,22.695870302537507,23.404049638981103,22.41430506340701,23.361387252807617,3661200,0.0,0.0
2007-03-23,23.412587201035418,23.813603953738507,23.378457284684185,23.472312927246094,2123500,0.0,0.0
2007-03-26,23.455251711712428,23.574703183194075,23.011572492774533,23.4040584564209,2337600,0.0,0.0
2007-03-27,23.250478086841422,23.293138863561975,22.627621633257203,22.78973388671875,2053700,0.0,0.0
2007-03-28,22.6190833206152,22.695874000836913,22.29485564247822,22.550825119018555,1172100,0.0,0.0
2007-03-29,22.712934004073215,22.712934004073215,22.183931836529194,22.422836303710938,1716800,0.0,0.0
2007-03-30,22.38871192932129,22.687342180244663,22.269260479913516,22.38871192932129,833700,0.0,0.0
2007-04-02,22.491096181281574,23.634422115156973,22.47403122647062,23.54909896850586,4099800,0.0,0.0
2007-04-03,23.642957697348887,23.992782831377088,23.566168640137413,23.591764450073242,2236300,0.0,0.0
2007-04-04,23.52350839631306,23.745347991338274,23.4467177046734,23.694154739379883,1517000,0.0,0.0
2007-04-05,23.63443104550766,23.881866474146186,23.47231716835563,23.830673217773438,1387100,0.0,0.0
2007-04-09,23.950122162914585,24.607108455377585,23.92452635113298,24.11223602294922,1086500,0.0,0.0
2007-04-10,23.984252020415347,24.18902665116439,23.89892885075222,23.99278450012207,737300,0.0,0.0
2007-04-11,23.9415874659634,24.103701310984725,23.711217044242943,23.839200973510742,1206400,0.0,0.0
2007-04-12,23.82213559530594,24.308475494384766,23.335795696227116,24.308475494384766,1596700,0.0,0.0
2007-04-13,23.532039960724294,23.890395965299955,23.532039960724294,23.75387954711914,2020400,0.0,0.0
2007-04-16,23.847739091395884,24.75216091646901,23.677092727085782,24.564451217651367,3691200,0.0,0.0
2007-04-17,24.76922085470317,25.076381969797055,24.146362890481996,24.470590591430664,3046500,0.0,0.0
2007-04-18,24.427920997457733,24.786276882312045,24.06956511260342,24.223146438598633,2483000,0.0,0.0
2007-04-19,24.00131792898726,24.223157542964422,23.753882500546297,23.881866455078125,3126100,0.0,0.0
2007-04-20,24.00131923273856,24.274353745283108,23.677093088485687,24.061046600341797,2514300,0.0,0.0
2007-04-23,24.1122370206508,24.23168848698517,23.95012315390832,24.120769500732422,1485400,0.0,0.0
2007-04-24,24.061041630512698,24.154895648266276,23.685620677286288,23.915992736816406,1584000,0.0,0.0
2007-04-25,24.120771627143636,24.641239938772078,24.07810922297454,24.27435302734375,2283700,0.0,0.0
2007-04-26,24.308475075383246,24.35966831982389,23.770941940246747,23.96718406677246,1890200,0.0,0.0
2007-04-27,23.753884146162793,23.779481589804202,23.404060553418798,23.608835220336914,1372200,0.0,0.0
2007-04-30,23.57470559841508,23.719754526104825,23.037172294273308,23.08836555480957,2071300,0.0,0.0
2007-05-01,23.062765019640096,23.233409728982146,22.653214136930206,23.096893310546875,2067200,0.0,0.0
2007-05-02,23.12248710467563,23.77947328196768,22.960373273059865,23.23340606689453,4674000,0.0,0.0
2007-05-03,23.84772770611467,24.8033423332936,23.74533961092943,24.51324462890625,4995800,0.0,0.0
2007-05-04,23.88186476604766,24.248753269854067,23.72828338050971,24.086639404296875,2323400,0.0,0.0
2007-05-07,24.14636157775005,24.24021721672278,23.984249363493056,24.189023971557617,1713600,0.0,0.0
2007-05-08,24.112239429878777,24.905742255308375,24.0439812098098,24.71803092956543,2104600,0.0,0.0
2007-05-09,24.743699750499847,25.000465267150986,24.623876060392693,24.846406936645508,1678400,0.09,0.0
2007-05-10,24.73514264883993,24.97479168058279,24.255846217829685,24.332876205444336,1931600,0.0,0.0
2007-05-11,24.392789464579117,24.735144077937747,24.033316712433667,24.572525024414062,1597000,0.0,0.0
2007-05-14,24.632444321579566,24.718031770754774,24.067558668148237,24.23873519897461,1946600,0.0,0.0
2007-05-15,24.170257040516734,24.940555280337946,24.153138902804482,24.39278793334961,2469100,0.0,0.0
2007-05-16,24.341438164428677,24.897764649106822,24.136025383892544,24.854970932006836,1497900,0.0,0.0
2007-05-17,24.769369595096727,25.05181223247711,24.521161587942068,24.74369239807129,1578000,0.0,0.0
2007-05-18,24.863523440607,24.957671558534244,24.529727942465446,24.846406936645508,1100600,0.0,0.0
2007-05-21,24.795048187761697,25.351376097264154,24.735136353193756,24.949108123779297,1467200,0.0,0.0
2007-05-22,25.017581620934838,25.06893602658603,24.735138919754185,25.000463485717773,1115900,0.0,0.0
2007-05-23,25.00046238348112,25.240111368528538,24.666666923841092,24.7950496673584,2016800,0.0,0.0
2007-05-24,24.87207988873876,25.060376104757662,24.230164532256524,24.281518936157227,842700,0.0,0.0
2007-05-25,24.332873791219637,24.66666928278143,24.28152101539674,24.555404663085938,607200,0.0,0.0
2007-05-29,24.598199248485162,24.897760111011333,24.56396460754023,24.683788299560547,1123800,0.0,0.0
2007-05-30,24.512607703295732,24.966228485107422,24.40134309095146,24.966228485107422,841500,0.0,0.0
2007-05-31,25.02614845738646,25.18020845721428,24.820735668441273,24.94055938720703,1195200,0.0,0.0
2007-06-01,24.65810945927242,25.128848392731925,24.29007770678734,25.09461212158203,1989600,0.0,0.0
2007-06-04,25.077505885064337,25.086064956913017,24.829299331356793,24.932004928588867,1102400,0.0,0.0
2007-06-05,24.92343575229854,25.33426121271342,24.718021389615835,25.23155403137207,1088100,0.0,0.0
2007-06-06,25.154527646910946,25.222998566761444,24.529730299215743,24.82073211669922,1056200,0.0,0.0
2007-06-07,24.78650157622749,24.846415073376946,24.324323168405673,24.350000381469727,973700,0.0,0.0
2007-06-08,24.375676210596176,24.658119027277085,24.22161619559279,24.58108901977539,1077700,0.0,0.0
2007-06-11,24.478378171393405,24.726584650304044,24.23872912927663,24.53829002380371,858000,0.0,0.0
2007-06-12,24.469821762468854,24.54685176179263,23.90493618907829,23.939170837402344,1560200,0.0,0.0
2007-06-13,23.95628521653998,24.51261163238444,23.776549667987734,24.39278793334961,1364400,0.0,0.0
2007-06-14,24.47837830886168,25.22299938225086,24.384230178845016,25.14596939086914,1236100,0.0,0.0
2007-06-15,25.36849489596812,25.591025753429708,25.248671215979268,25.282907485961914,1361100,0.0,0.0
2007-06-18,25.436965769412325,25.46264297186494,24.79505040037371,24.966228485107422,651400,0.0,0.0
2007-06-19,24.81217712645513,24.932000847772073,24.58108712179323,24.700912475585938,671200,0.0,0.0
2007-06-20,24.80362053377537,24.88065054302428,24.178823020957246,24.221616744995117,1017900,0.0,0.0
2007-06-21,24.290083432004973,24.45270249334607,23.879257876225438,24.384231567382812,779100,0.0,0.0
2007-06-22,24.221611081763424,24.3072001423036,23.930609255412158,24.024757385253906,1153400,0.0,0.0
2007-06-25,24.187378779157992,24.752264347956686,24.153142498636516,24.31576156616211,823200,0.0,0.0
2007-06-26,24.38422803368939,24.504051728641663,24.041873453486172,24.067550659179688,550900,0.0,0.0
2007-06-27,24.692350144371876,25.197323806773987,24.37567110952754,25.14596939086914,2138900,0.0,0.0
2007-06-28,25.01758627259886,25.52255992806833,24.949115351474635,25.44552993774414,1347000,0.0,0.0
2007-06-29,25.556791987254062,25.556791987254062,24.803610346708957,25.09461212158203,1349100,0.0,0.0
2007-07-02,25.145972189067813,26.070330556033785,25.094619399924074,25.984743118286133,1524100,0.0,0.0
2007-07-03,26.10455845158512,26.660884780615664,26.08744031654413,26.327089309692383,868900,0.0,0.0
2007-07-05,26.344215641812433,26.344215641812433,25.80500564757092,26.10456657409668,1229200,0.0,0.0
2007-07-06,26.13879973550331,26.31853529048422,26.053210676356223,26.275741577148438,761900,0.0,0.0
2007-07-09,26.344211065695607,26.746477499598413,26.232944805111035,26.250062942504883,1220600,0.0,0.0
2007-07-10,26.215832378577936,26.224391449139368,25.753653995591094,25.77933120727539,1294900,0.0,0.0
2007-07-11,25.72796629758023,26.429793472805773,25.693731661763806,26.421236038208008,1278600,0.0,0.0
2007-07-12,26.566743301672993,27.13162880451361,26.566743301672993,27.003244400024414,1425200,0.0,0.0
2007-07-13,27.046037238663324,27.33703903224038,26.926211914412242,27.088830947875977,2424100,0.0,0.0
2007-07-16,27.01180889275699,27.020367963606514,26.207275822611738,26.51539421081543,1664200,0.0,0.0
2007-07-17,26.301415127561576,26.318533264568398,25.591028766532403,26.018972396850586,2593800,0.0,0.0
2007-07-18,25.72796610337823,26.147350591933343,25.32569974883968,25.454082489013672,1915900,0.0,0.0
2007-07-19,25.676630316750174,25.805013141838685,25.514011200984086,25.556806564331055,1432800,0.0,0.0
2007-07-20,25.50543525858825,25.58246522918767,25.171639807640837,25.454082489013672,2365800,0.0,0.0
2007-07-23,25.513997846972096,25.513997846972096,24.40990417012146,24.70946502685547,2034600,0.0,0.0
2007-07-24,24.43558894403911,24.683797117579882,24.16170518873616,24.23873519897461,1555100,0.0,0.0
2007-07-25,24.39278493753433,24.52116768965788,23.84501765782038,24.1873722076416,1802000,0.0,0.0
2007-07-26,23.827901763227807,24.110344497453497,23.408517196194232,23.690959930419922,2255200,0.0,0.0
2007-07-27,23.571134653430406,24.050431036101724,23.365720285524535,23.70807647705078,2079000,0.0,0.0
2007-07-30,23.74230975832185,24.2387242486626,23.66527978288318,24.016193389892578,1409400,0.0,0.0
2007-07-31,24.196513825449983,24.505625239616368,23.964680264825194,23.981853485107422,1437500,0.09,0.0
2007-08-01,23.88740323869966,24.1965146635731,23.449495932705116,24.084890365600586,1608900,0.0,0.0
2007-08-02,24.17075701634479,24.471281857935338,23.75002289320948,23.956096649169922,1625800,0.0,0.0
2007-08-03,23.88739937442498,23.938917390993634,22.719646747347362,22.796924591064453,2174800,0.0,0.0
2007-08-06,22.882787500277274,23.106034407319992,22.298911226123717,23.08027458190918,2671200,0.0,0.0
2007-08-07,22.925725003676845,24.04195811836679,22.908551783394618,23.981853485107422,3971600,0.0,0.0
2007-08-08,23.99044075082058,25.072329092238594,23.61263808292973,24.892013549804688,3397300,0.0,0.0
2007-08-09,24.55714071225409,25.31274431118315,23.655566393814905,23.827295303344727,3578700,0.0,0.0
2007-08-10,23.466665834185054,23.947504486628414,23.234832298323195,23.55253028869629,2370300,0.0,0.0
2007-08-13,23.784361855834153,24.316718481827728,23.62121956953955,24.230854034423828,1363800,0.0,0.0
2007-08-14,24.273789922316404,24.351067770265463,23.252006317667536,23.518184661865234,1193700,0.0,0.0
2007-08-15,23.286355689512742,24.179341901598512,23.045935505856164,23.148971557617188,1699700,0.0,0.0
2007-08-16,23.01158746192241,23.34645870116113,21.809489902758415,23.294939041137695,1754500,0.0,0.0
2007-08-17,23.73284063380289,24.651586393435263,23.483835554314943,24.308130264282227,1356700,0.0,0.0
2007-08-20,24.814736488894674,25.080914868154096,24.222273455820517,24.651594161987305,1450700,0.0,0.0
2007-08-21,24.505628315129975,24.677355626319148,24.205103473388135,24.565732955932617,1104100,0.0,0.0
2007-08-22,24.66017678141662,25.295571127178192,24.6344185913618,25.046566009521484,904500,0.0,0.0
2007-08-23,25.17536983232362,25.244061090400717,24.6859444138082,24.7803955078125,1234500,0.0,0.0
2007-08-24,24.746045533646125,25.098088385841926,24.47128054049121,24.926361083984375,1113700,0.0,0.0
2007-08-27,24.9435304739384,24.99505013392012,24.66017889495253,24.84908103942871,991500,0.0,0.0
2007-08-28,24.831915564853237,24.90919344120146,23.99903378810218,24.03337860107422,1265600,0.0,0.0
2007-08-29,24.230858960902264,24.67735286799862,24.144996133769347,24.402587890625,1068800,0.0,0.0
2007-08-30,24.342476668111726,24.849075072178785,24.110643167051613,24.239439010620117,1462100,0.0,0.0
2007-08-31,24.61725098878653,24.82332474487809,24.205103476603412,24.703115463256836,1255400,0.0,0.0
2007-09-04,24.600077766346743,24.9006026081285,24.368244176595503,24.703115463256836,1395600,0.0,0.0
2007-09-05,24.411181370140092,24.531390672135586,23.956100724725996,24.03337860107422,990500,0.0,0.0
2007-09-06,24.050540627228834,24.144991684946152,23.758602483128165,23.973262786865234,675200,0.0,0.0
2007-09-07,23.758608368343513,23.76719497914735,23.12321390841639,23.16614532470703,1466700,0.0,0.0
2007-09-10,23.22624938858287,23.355046909728753,22.384781203345632,22.87420654296875,1303300,0.0,0.0
2007-09-11,22.960068144910714,23.681326967283056,22.891376906481366,23.518184661865234,1595100,0.0,0.0
2007-09-12,23.492424481668575,23.53535588790332,23.174726507255667,23.243417739868164,1080200,0.0,0.0
2007-09-13,23.28634615908921,23.518177999533748,23.18330851176998,23.277759552001953,1851400,0.0,0.0
2007-09-14,23.209076290374355,23.878815495525174,23.183316460280707,23.767192840576172,1927000,0.0,0.0
2007-09-17,23.655567092352392,23.655567092352392,23.27776610059571,23.312110900878906,755100,0.0,0.0
2007-09-18,23.42373831804225,24.703113825891858,23.157558301054305,24.651594161987305,1606000,0.0,0.0
2007-09-19,24.75462844626326,24.94352894140497,23.98185160902935,24.119234085083008,1681300,0.0,0.0
2007-09-20,24.041960816879406,24.041960816879406,22.977245605802178,23.054523468017578,2624100,0.0,0.0
2007-09-21,23.106035081170482,23.226244327803766,22.41053615207651,22.62519645690918,3301400,0.0,0.0
2007-09-24,22.59944203752444,22.874207031409586,21.92970277436153,22.13577651977539,1627100,0.0,0.0
2007-09-25,21.981219228896872,22.565095618000562,21.826663521460198,22.487817764282227,2401300,0.0,0.0
2007-09-26,22.47923003223368,22.487816641965896,22.118600612122453,22.31608772277832,1059300,0.0,0.0
2007-09-27,22.462053826192978,23.397972872095032,22.17011568502749,22.41053581237793,753300,0.0,0.0
2007-09-28,22.384782526484,22.659547530743033,22.350437719815925,22.5822696685791,1274700,0.0,0.0
2007-10-01,22.57367743693149,22.977238202461074,22.54791761191672,22.85702896118164,1384200,0.0,0.0
2007-10-02,22.77975685606137,23.1833177231412,22.77975685606137,23.131799697875977,1277400,0.0,0.0
2007-10-03,23.08886658838586,23.10603980934137,22.367607685539184,22.59085464477539,2218700,0.0,0.0
2007-10-04,22.668132166939557,22.668132166939557,21.886768640003986,22.101428985595703,2625000,0.0,0.0
2007-10-05,22.80551051781543,23.57828729413807,22.745405893995514,23.243417739868164,1845600,0.0,0.0
2007-10-08,23.01159178422804,23.29494341666574,22.324679232175658,22.5565128326416,1480800,0.0,0.0
2007-10-09,22.719645984332125,23.037343957580415,22.29891198140688,22.968652725219727,1688700,0.0,0.0
2007-10-10,22.882800186453835,23.35505408776666,22.79693569187614,23.123220443725586,1904100,0.0,0.0
2007-10-11,23.612636223345525,23.784365141879377,22.968655235436103,23.26059341430664,1925600,0.0,0.0
2007-10-12,23.063115348647674,24.06772614925557,22.6337945216824,24.007619857788086,3489800,0.0,0.0
2007-10-15,23.827288567050566,23.827288567050566,23.31210362183905,23.458072662353516,2928200,0.0,0.0
2007-10-16,23.355043624678604,23.518184289787094,22.91713637247145,23.097450256347656,2294000,0.0,0.0
2007-10-17,23.226252147541466,23.466672359480075,22.934313903661977,23.174734115600586,1963000,0.0,0.0
2007-10-18,22.968651093265,23.16613816755423,22.882786649482885,22.977237701416016,1686800,0.0,0.0
2007-10-19,22.882783814627395,23.415141989942363,22.762574590861497,23.277759552001953,2391900,0.0,0.0
2007-10-22,23.01158776951931,23.844470936018944,22.985829576891682,23.569705963134766,1756200,0.0,0.0
2007-10-23,23.715673357083702,24.574314654566802,23.561117661500216,24.531381607055664,2257100,0.0,0.0
2007-10-24,24.333896312250946,24.600074675711763,23.415150317621336,23.981853485107422,1724800,0.0,0.0
2007-10-25,24.007611677802338,24.187927215308868,23.501014781304047,23.981853485107422,951500,0.0,0.0
2007-10-26,24.14499662277577,24.162168205913062,23.54394699430164,23.947507858276367,1073800,0.0,0.0
2007-10-29,24.076302040761696,24.153578248492455,23.380801431630584,23.758604049682617,849400,0.0,0.0
2007-10-30,23.604042432678465,23.67273365164867,23.269172944914697,23.277759552001953,1276300,0.0,0.0
2007-10-31,23.43232029412367,23.92174554031611,23.234831563673644,23.80153465270996,1666600,0.0,0.0
2007-11-01,23.4838428201618,23.7843676403004,23.080280310533666,23.148971557617188,1291900,0.0,0.0
2007-11-02,23.26918301662455,23.458083541123354,22.80551585958855,23.16614532470703,1857000,0.0,0.0
2007-11-05,22.8656199586816,23.355046936596263,22.8398617646056,23.148971557617188,1800200,0.0,0.0
2007-11-06,23.183314745024628,23.29493739171504,22.874203357684582,23.234832763671875,1152900,0.0,0.0
2007-11-07,22.805514413557272,22.93431029199118,22.367607116699215,22.36760711669922,2660400,0.0,0.0
2007-11-08,22.47064509829174,22.93431059431155,21.95545994003647,22.57368278503418,1608200,0.0,0.0
2007-11-09,22.11001106262191,22.69388734495289,21.861004326680938,22.41053581237793,1212400,0.0,0.0
2007-11-12,22.436296140535944,22.779753966005774,22.16153119034271,22.221635818481445,1239700,0.0,0.0
2007-11-13,22.488745224400077,23.264218857632446,22.393964547596674,23.134973526000977,1313100,0.09,0.0
2007-11-14,23.27282946506297,23.669181932900784,22.893708498499265,22.988489151000977,956900,0.0,0.0
2007-11-15,22.910945766417584,23.134971757729517,22.51459158380619,22.80754852294922,2056700,0.0,0.0
2007-11-16,22.402578101966206,22.59213778657401,21.82528083129319,22.2130184173584,3378400,0.0,0.0
2007-11-19,22.092391116147585,22.169938644182526,21.59264129294661,21.833900451660156,1728300,0.0,0.0
2007-11-20,21.782200371913056,22.092388808204557,21.041191467410098,21.54094123840332,1708600,0.0,0.0
2007-11-21,21.03258045713619,21.213525265991972,20.83440413974867,20.98088264465332,3357900,0.0,0.0
2007-11-23,21.15320204859418,21.316913649863576,20.584521374124993,20.946409225463867,1137800,0.0,0.0
2007-11-26,20.980884106178266,21.472017467587357,20.644844193021562,20.791322708129883,1833800,0.0,0.0
2007-11-27,20.84302086179339,21.273839803538515,20.334654379058637,21.127361297607422,3012700,0.0,0.0
2007-11-28,21.3341484385726,22.747233660482888,21.118739025796355,22.428428649902344,2435400,0.0,0.0
2007-11-29,22.34226430376208,22.566290287732357,21.79081673918501,22.014841079711914,1418100,0.0,0.0
2007-11-30,22.359495564052885,22.72138340862698,22.281948051398203,22.65245246887207,1174300,0.0,0.0
2007-12-03,22.60937822170168,22.807554543599483,22.26472339156553,22.290573120117188,1255100,0.0,0.0
2007-12-04,22.066539141351544,22.54905573017813,21.851129744480698,22.41119384765625,1382900,0.0,0.0
2007-12-05,22.617998148884514,23.126364714944497,22.523217440263267,22.971269607543945,1666000,0.0,0.0
2007-12-06,22.988491457242475,23.69503402709961,22.90232736845527,23.69503402709961,1836800,0.0,0.0
2007-12-07,23.738111649888086,24.487736972179828,23.229745410924927,24.212013244628906,1402300,0.0,0.0
2007-12-10,24.26372060717216,24.866867731774548,23.95353046955451,24.729005813598633,1937700,0.0,0.0
2007-12-11,24.841017823321078,24.841017823321078,23.970763444076987,24.06554412841797,2284400,0.0,0.0
2007-12-12,24.418819009086853,25.01334963952468,23.67780986516272,23.97938346862793,2229500,0.0,0.0
2007-12-13,23.86736794658064,24.772086987891367,23.48824685077563,24.668689727783203,1622500,0.0,0.0
2007-12-14,24.324033027275096,24.427430279281666,23.350383103329595,23.488245010375977,1613000,0.0,0.0
2007-12-17,23.358999900113897,24.03107629249611,23.048809784587593,23.677804946899414,1381700,0.0,0.0
2007-12-18,23.927685848407894,23.970767087778576,23.453783998110715,23.60887908935547,1449400,0.0,0.0
2007-12-19,23.514099755156096,23.58303072339797,23.100512302260906,23.315921783447266,1339800,0.0,0.0
2007-12-20,23.39346533415173,23.910448329422568,23.25560342120533,23.89321517944336,1461100,0.0,0.0
2007-12-21,24.315414006773963,24.496358768723386,23.66056919245252,23.7725830078125,1486400,0.0,0.0
2007-12-24,23.979380481244835,24.23787117004395,23.651958832536376,24.237871170043945,459400,0.0,0.0
2007-12-26,24.039702989190168,24.3412766569922,23.7553624780498,24.263729095458984,673700,0.0,0.0
2007-12-27,24.280947277065717,24.332645071722286,23.81566219482679,23.8759765625,688400,0.0,0.0
2007-12-28,23.824282169654328,24.237867872848312,23.755351219121998,24.22063636779785,890900,0.0,0.0
2007-12-31,24.1430879758626,24.220635497856605,23.51409286941649,23.738117218017578,678000,0.0,0.0
2008-01-02,23.548556938961465,23.815664150639858,22.350881129827425,22.428428649902344,2576600,0.0,0.0
2008-01-03,22.488741055205,22.61798636287564,21.480625025864814,21.584020614624023,3180400,0.0,0.0
2008-01-04,21.230756410712033,21.291070798149132,20.713775007854718,20.894718170166016,4108900,0.0,0.0
2008-01-07,21.161822308723757,22.325033579513395,21.11012450479458,21.73050308227539,3171100,0.0,0.0
2008-01-08,21.64434226547431,21.911449523388555,20.50697898864746,20.50697898864746,2313900,0.0,0.0
2008-01-09,20.446658259553168,20.955024535396422,20.05892235584702,20.43804168701172,2951400,0.0,0.0
2008-01-10,20.248483627426566,21.911444460629976,20.248483627426566,21.652952194213867,2546300,0.0,0.0
2008-01-11,21.42893216596778,21.61849188463879,20.774087260408425,21.161823272705078,2968300,0.0,0.0
2008-01-14,21.36861439976458,22.040692400459513,21.118740320219263,21.988994598388672,2064500,0.0,0.0
2008-01-15,21.756348978071905,21.9717583738944,21.351379905565192,21.523706436157227,2464500,0.0,0.0
2008-01-16,21.446160983593064,22.2130196239731,21.153204045639956,22.083772659301758,2571100,0.0,0.0
2008-01-17,22.161319754429712,22.73000047164809,21.342764973436424,21.54094123840332,2610400,0.0,0.0
2008-01-18,21.627117727897158,22.169949035120347,21.428941349343006,22.049320220947266,2718600,0.0,0.0
2008-01-22,20.989485635228153,22.643829354902923,20.76545973487771,22.152694702148438,2665800,0.0,0.0
2008-01-23,21.566788730607314,24.479122961935403,21.566788730607314,24.074153900146484,4076300,0.0,0.0
2008-01-24,24.298174690370985,24.298174690370985,23.69502786905427,23.93628692626953,2616200,0.0,0.0
2008-01-25,24.151711094333045,24.746240066132234,23.807054617213424,23.910451889038086,3012100,0.0,0.0
2008-01-28,23.178054209861102,24.168937253638283,23.178054209861102,24.039691925048828,2804400,0.0,0.0
2008-01-29,24.15171195723983,24.685926557662988,24.082780988041876,24.522214889526367,1580400,0.0,0.0
2008-01-30,26.36611386856224,26.53844042197245,25.297683321022415,25.418312072753906,8367500,0.0,0.0
2008-01-31,25.245988798725772,27.451782917419113,25.23737386630236,26.796937942504883,5123000,0.0,0.0
2008-02-01,26.503978322825297,27.10712378305067,26.366116409434145,26.62460708618164,3691900,0.0,0.0
2008-02-04,26.51258950063055,26.745232048410053,26.01283975546161,26.030071258544922,2606100,0.0,0.0
2008-02-05,25.848528309119402,26.67844848070685,25.476793352494926,26.08194351196289,3298100,0.1,0.0
2008-02-06,26.19432860147344,26.384519506190507,25.615113994101772,25.73614501953125,2586300,0.0,0.0
2008-02-07,25.632406167794205,26.514195927022218,25.597827050184204,26.090591430664062,2389600,0.0,0.0
2008-02-08,25.978200818507005,26.36722612582565,25.494081718544894,25.831235885620117,2207900,0.0,0.0
2008-02-11,25.805307513042184,26.194331255107087,25.64969735665552,26.0992374420166,1372700,0.0,0.0
2008-02-12,26.28942704867329,26.50555190218024,26.099237771191813,26.228912353515625,1981400,0.0,0.0
2008-02-13,25.80531390168031,26.14246822471976,25.347128510986522,25.666994094848633,2412600,0.0,0.0
2008-02-14,26.056008602312886,26.15974924473719,25.62375894853118,25.796659469604492,1910900,0.0,0.0
2008-02-15,26.306715428191183,26.306715428191183,25.174221743800153,25.476795196533203,1698300,0.0,0.0
2008-02-19,25.7966606808674,25.926335253310373,25.02725678865768,25.476795196533203,1659400,0.0,0.0
2008-02-20,25.277962464748367,25.450863005722315,24.491268136230236,25.096418380737305,3912600,0.0,0.0
2008-02-21,25.243379554142813,25.62375804890688,24.638229400534,24.681453704833984,2084200,0.0,0.0
2008-02-22,24.90622702288761,25.070482369067086,24.110887516257687,24.71603775024414,3333000,0.0,0.0
2008-02-25,24.646875069941277,25.16557497612439,24.49126493319619,25.06183433532715,1517600,0.0,0.0
2008-02-26,25.027253236641982,25.502727151084688,24.664163495992515,25.3730525970459,2426100,0.0,0.0
2008-02-27,25.165574541457104,25.502728732647,24.378880329412993,24.785194396972656,4183700,0.0,0.0
2008-02-28,24.64688151766622,24.72468660639289,24.102245896579507,24.171405792236328,2661500,0.0,0.0
2008-02-29,24.033079747411957,24.33565483051746,23.58354136706542,23.661346435546875,2637100,0.0,0.0
2008-03-03,23.773731531951544,24.491265908596198,23.384706174595326,24.361591339111328,2124900,0.0,0.0
2008-03-04,23.955270300562027,24.54312997768769,23.609470975459065,24.448036193847656,3135300,0.0,0.0
2008-03-05,24.508560646475203,25.416284443088323,24.473979875719476,25.079130172729492,2643700,0.0,0.0
2008-03-06,25.03589783189856,25.182862772370267,24.36158946294725,24.404813766479492,2644900,0.0,0.0
2008-03-07,24.27513243108273,25.044536031723737,24.20597257539479,24.724672317504883,2397700,0.0,0.0
2008-03-10,24.733335289842792,24.958105394672625,23.28962082147971,23.306909561157227,3288200,0.0,0.0
2008-03-11,24.015796579714273,25.502735118438896,23.92934630037986,25.459510803222656,3738300,0.0,0.0
2008-03-12,25.390346478097356,25.649695621933844,24.716036395660183,24.741971969604492,2291200,0.0,0.0
2008-03-13,24.292431918238528,25.736145889985526,24.05037150809414,25.286605834960938,2995600,0.0,0.0
2008-03-14,25.718853735044977,25.934978556347875,25.27795890171888,25.580533981323242,3260100,0.0,0.0
2008-03-17,24.984028503038367,25.632402953717055,24.750613305057684,25.15692901611328,1927400,0.0,0.0
2008-03-18,25.632409804863173,26.64387428422677,25.45951089447655,26.592004776000977,2675500,0.0,0.0
2008-03-19,26.272133826574272,26.54012980318155,24.93216053914428,24.966739654541016,3406400,0.0,0.0
2008-03-20,24.984025414579612,26.773538413413707,24.638226080078073,26.540124893188477,2483300,0.0,0.0
2008-03-24,26.773544667156113,29.220077797452962,26.773544667156113,28.1135196685791,4131400,0.0,0.0
2008-03-25,28.07029079107272,28.57169862492945,28.009776109362473,28.20861053466797,2287200,0.0,0.0
2008-03-26,28.2431931770235,28.43338409602409,27.447855329936342,27.577529907226562,2022000,0.0,0.0
2008-03-27,27.145284338188354,27.50837419906631,26.592005178336983,27.015609741210938,1428200,0.0,0.0
2008-03-28,27.11069691201565,27.300886152740233,26.75625235267807,26.842700958251953,1112400,0.0,0.0
2008-03-31,26.75625951814218,27.447858441355738,26.427748792939315,27.171218872070312,1897100,0.0,0.0
2008-04-01,27.49107695904478,28.78782590331862,27.39598315771775,28.614925384521484,2228700,0.0,0.0
2008-04-02,27.802295335725912,28.355574319871245,27.63804001896973,28.13080596923828,3088400,0.0,0.0
2008-04-03,27.681269487354168,28.40744907076408,27.66397910467735,28.19132423400879,1445100,0.0,0.0
2008-04-04,28.09622343774669,28.355572532996128,27.793650042922796,27.90603256225586,2050400,0.0,0.0
2008-04-07,28.12216521160538,28.156745980043386,27.508371411946953,27.655336380004883,1791000,0.0,0.0
2008-04-08,27.517010789180908,27.55159155031133,27.17121142238392,27.46514129638672,1382500,0.0,0.0
2008-04-09,27.25766059826776,27.283594519188444,25.675627114952206,25.805301666259766,3143400,0.0,0.0
2008-04-10,25.70156601086629,26.341295350195733,25.61511574362681,25.98685073852539,1706600,0.0,0.0
2008-04-11,25.675628550203857,25.90039690562064,25.252022463937728,25.46814727783203,2343200,0.0,0.0
2008-04-14,25.494085163672523,25.90039925707791,25.009965998289264,25.20015525817871,2636900,0.0,0.0
2008-04-15,25.80530662171524,26.617936494276016,25.50273151129245,26.48826026916504,2843000,0.0,0.0
2008-04-16,26.591993553701915,28.1135122270664,26.591993553701915,28.00977325439453,3177700,0.0,0.0
2008-04-17,27.06747199502867,27.40462783548072,26.20297271503119,26.747608184814453,3850500,0.0,0.0
2008-04-18,27.240367578085888,28.346927049718847,27.145272146856918,28.260475158691406,2109700,0.0,0.0
2008-04-21,27.949258952358964,28.277766253177063,27.715843787376087,28.122156143188477,3021100,0.0,0.0
2008-04-22,28.035714121710875,28.174033885489827,27.30953453742055,27.672622680664062,1395700,0.0,0.0
2008-04-23,27.689912741266934,27.819588961090222,27.309534219750283,27.603464126586914,1083900,0.0,0.0
2008-04-24,27.733134152482087,28.70137227142535,27.39597836470431,28.476600646972656,2272400,0.0,0.0
2008-04-25,28.528476904115486,29.05582200484006,28.320995621052184,28.865631103515625,1942600,0.0,0.0
2008-04-28,28.813764587506462,29.58316847252098,28.580349369950945,29.341106414794922,1722000,0.0,0.0
2008-04-29,29.358398085650393,29.773357391357422,29.06446816521582,29.773357391357422,1535100,0.0,0.0
2008-04-30,29.851160043281865,29.94625549478915,29.15956125659682,29.367042541503906,2903000,0.0,0.0
2008-05-01,29.17684841370635,30.56869267309012,29.021238291675694,30.248828887939453,3616200,0.0,0.0
2008-05-02,30.568705022756575,30.568705022756575,29.453499796931517,29.98948860168457,1609900,0.0,0.0
2008-05-05,29.99812573854761,30.12779865213806,29.418909504873852,29.69554901123047,1711200,0.0,0.0
2008-05-06,29.34974486665786,31.398606793665575,29.34974486665786,30.810747146606445,3204700,0.0,0.0
2008-05-07,30.914489199134334,30.914489199134334,29.220071599266692,29.323810577392578,2508100,0.0,0.0
2008-05-08,29.566586069063934,29.948092539344547,29.10704779264811,29.609941482543945,1360300,0.1,0.0
2008-05-09,29.479882826568915,29.479882826568915,28.92496791433622,29.341154098510742,1183400,0.0,0.0
2008-05-12,29.263116772586798,29.92207735421631,28.760223104128503,29.87005615234375,1758400,0.0,0.0
2008-05-13,29.93941912414353,30.043468143922876,29.3498212422748,29.991443634033203,1330900,0.0,0.0
2008-05-14,30.06081990161246,31.092618314155633,29.948105040663833,30.815160751342773,1478700,0.0,0.0
2008-05-15,30.763129735708183,31.248682022094723,30.468330723893917,31.248682022094727,1430100,0.0,0.0
2008-05-16,31.257353082342135,31.257353082342135,30.20821662150718,30.650413513183594,1866700,0.0,0.0
2008-05-19,30.546368404948815,31.370071886833358,30.372956623359233,30.797815322875977,1543300,0.0,0.0
2008-05-20,30.563707655423176,30.563707655423176,29.592606380855457,29.887405395507812,1697100,0.0,0.0
2008-05-21,30.000108157860513,30.89317724992457,28.135941489678597,28.474092483520508,4211000,0.0,0.0
2008-05-22,28.474091256980866,29.653286790134615,28.318021065383878,29.25444221496582,2683300,0.0,0.0
2008-05-23,29.133059905967773,29.185084420310353,28.352712036152152,28.80358123779297,1714800,0.0,0.0
2008-05-27,28.803585540999162,29.731334686279297,28.55213864544173,29.731334686279297,2197400,0.0,0.0
2008-05-28,30.641746012907483,31.2140025948441,30.19954909813794,31.12729835510254,3748100,0.0,0.0
2008-05-29,31.014569641223158,31.309368586582828,30.598383478518965,30.841157913208008,2883900,0.0,0.0
2008-05-30,30.58971896754967,30.728447724254146,30.000120924667034,30.208215713500977,3739300,0.0,0.0
2008-06-02,29.922083423606743,29.948097337373213,29.133063062144007,29.410520553588867,2501300,0.0,0.0
2008-06-03,29.549256730532477,29.71399610545694,28.881623514962836,29.33249282836914,2853700,0.0,0.0
2008-06-04,29.081033052893623,30.37294348647273,28.881610747963734,30.234214782714844,3536000,0.0,0.0
2008-06-05,30.34694852911478,31.118627548217773,29.887410081234325,31.118627548217773,1992300,0.0,0.0
2008-06-06,30.72844218000785,30.72844218000785,29.549249614555436,29.7053165435791,2496200,0.0,0.0
2008-06-09,29.90475766570288,29.90475766570288,29.081053948237592,29.635969161987305,1839700,0.0,0.0
2008-06-10,29.375835604260928,30.182197328448325,29.046353651649593,30.104162216186523,2705800,0.0,0.0
2008-06-11,30.02613167942646,30.02613167942646,28.89028782954331,28.959653854370117,2934700,0.0,0.0
2008-06-12,29.0030076757127,29.835380177374518,28.50878629612885,28.968324661254883,2989300,0.0,0.0
2008-06-13,29.367168440717023,29.930755830713633,29.072369442612583,29.410520553588867,2516000,0.0,0.0
2008-06-16,29.306470125952217,29.939420133627078,29.228435012263333,29.609941482543945,1733300,0.0,0.0
2008-06-17,30.138847733536856,30.138847733536856,29.30647524710516,29.479887008666992,1582100,0.0,0.0
2008-06-18,29.367172709891378,29.367172709891378,28.47410648619825,28.70821189880371,3774000,0.0,0.0
2008-06-19,28.673517883152762,30.164854025154433,28.673517883152762,30.121501922607422,2316200,0.0,0.0
2008-06-20,29.85272979935495,30.034810713421386,29.30648374960043,29.939434051513672,2016800,0.0,0.0
2008-06-23,30.138843170986814,30.138843170986814,28.890284630351527,29.176414489746094,2201700,0.0,0.0
2008-06-24,29.037696214397187,29.60995283160195,28.448098086664405,28.890295028686523,2694800,0.0,0.0
2008-06-25,28.968326233491318,30.078156295942357,28.968326233491318,29.601276397705078,2055300,0.0,0.0
2008-06-26,29.202432234377426,29.38451311258489,28.222658501675348,28.404739379882812,2308400,0.0,0.0
2008-06-27,28.40474202362428,28.75156561134645,27.69375829937064,28.612836837768555,2785100,0.0,0.0
2008-06-30,28.61282592279456,29.19375140693466,27.91918231951026,28.855600357055664,1849000,0.0,0.0
2008-07-01,28.534796429081695,28.976993279631593,27.745776054824784,28.725549697875977,2396700,0.0,0.0
2008-07-02,28.708206892322814,28.829594127863054,27.485658822511084,27.555023193359375,2077500,0.0,0.0
2008-07-03,27.72843817908009,28.543469266703976,27.72843817908009,27.97988510131836,1642600,0.0,0.0
2008-07-07,28.187972861332614,28.846936893835494,27.581035003347903,27.997222900390625,2444100,0.0,0.0
2008-07-08,27.7544445624713,29.297805571735456,27.693752597027494,29.26312255859375,2739800,0.0,0.0
2008-07-09,29.263119906856478,29.505894361740566,28.74288798708947,28.942310333251953,1909200,0.0,0.0
2008-07-10,28.846931104241726,29.133057642006097,28.2746747211594,28.751554489135742,1844100,0.0,0.0
2008-07-11,28.26600824402306,28.690866898360806,27.42496499643702,28.161962509155273,2378200,0.0,0.0
2008-07-14,28.57815833011345,28.83827440820122,27.780468582970233,28.1879825592041,2477000,0.0,0.0
2008-07-15,28.508777584650268,29.410512532128642,27.858486146271268,28.621492385864258,8336100,0.0,0.0
2008-07-16,29.150407623538264,31.32671897783991,28.968326745863333,31.31804656982422,7009800,0.0,0.0
2008-07-17,31.214000665131998,32.315161641058474,30.39896961626207,31.855623245239258,5210200,0.0,0.0
2008-07-18,32.27179975044973,32.77469011116077,31.534800751188232,31.838272094726562,3914300,0.0,0.0
2008-07-21,31.9510001997746,32.02036624118179,30.763134854893195,31.118627548217773,2841000,0.0,0.0
2008-07-22,31.187981791941272,33.190877520379125,30.79780622550739,33.00879669189453,4704500,0.0,0.0
2008-07-23,32.774695598829254,33.45100110413178,32.43654449995503,33.16487121582031,4950800,0.0,0.0
2008-07-24,32.965440406217965,33.164862713207995,31.370058642744524,31.656185150146484,3503700,0.0,0.0
2008-07-25,31.95966767560724,32.297818806384846,31.28336541405202,31.517467498779297,3110300,0.0,0.0
2008-07-28,31.474113298969414,31.725560182273853,31.05792706499353,31.283363342285156,1445600,0.0,0.0
2008-07-29,31.456769224775524,32.60128210167657,31.30937139266207,32.55792999267578,2350400,0.0,0.0
2008-07-30,32.77527642336797,33.27950971054092,31.497300418693833,32.21887969970703,2109800,0.1,0.0
2008-07-31,31.862435733721185,32.57531940330464,31.862435733721185,32.14932632446289,1405000,0.0,0.0
2008-08-01,32.51446149597089,32.59270498197518,31.13216212081888,31.601619720458984,1373000,0.0,0.0
2008-08-04,31.66248464489253,31.975458680325833,30.966988630811077,31.48861312866211,1263600,0.0,0.0
2008-08-05,32.01891715747792,33.82720607581599,31.462517250834782,33.809818267822266,3470200,0.0,0.0
2008-08-06,33.679415515795114,34.02716173511811,33.070855486498175,33.77504348754883,1798200,0.0,0.0
2008-08-07,33.38383175266706,33.74896580608758,32.84481960278115,33.01000213623047,1784900,0.0,0.0
2008-08-08,33.03609868483181,34.835696426826146,32.75790022437579,34.73137283325195,2303100,0.0,0.0
2008-08-11,34.557487511002535,34.99217288849942,33.87937938335099,34.0793342590332,2945800,0.0,0.0
2008-08-12,33.853304740282326,34.67920783390059,32.94916144225812,33.62726974487305,3266300,0.0,0.0
2008-08-13,33.21866511474635,33.835917728826054,32.71443165925737,33.392539978027344,2200700,0.0,0.0
2008-08-14,33.322976068652935,33.94022838721346,33.192569154529735,33.766353607177734,2261600,0.0,0.0
2008-08-15,33.75766161725903,34.5835610250345,33.75766161725903,34.305362701416016,1827400,0.0,0.0
2008-08-18,34.453156579785784,34.54009231013593,33.11432510752611,33.58378601074219,2794500,0.0,0.0
2008-08-19,33.383837085223554,33.383837085223554,31.775499258060165,32.06239318847656,2757600,0.0,0.0
2008-08-20,32.088469862544926,32.088469862544926,30.54968344746932,31.27995491027832,3149900,0.0,0.0
2008-08-21,30.862662952567124,31.184329215315557,29.993292165170867,30.593156814575195,3851800,0.0,0.0
2008-08-22,30.845274648749978,32.09716736881008,30.732255519596052,32.0536994934082,2060200,0.0,0.0
2008-08-25,31.575546332611196,31.914600404775445,30.70617555623669,30.94959831237793,1536700,0.0,0.0
2008-08-26,30.436667822006413,30.984372310924904,30.41928332581256,30.880048751831055,2314800,0.0,0.0
2008-08-27,30.688777530194724,31.088687158313178,30.419274801690435,30.567066192626953,1571900,0.0,0.0
2008-08-28,30.78441689757391,31.82766241926048,30.688785588264608,31.65378761291504,2049700,0.0,0.0
2008-08-29,31.39299323120683,32.06240942478262,31.210426082882833,31.688579559326172,1648000,0.0,0.0
2008-09-02,32.36667404101589,33.60118228456326,31.766809391162695,31.905908584594727,2040400,0.0,0.0
2008-09-03,31.7668035543342,32.8709046502526,31.73202793326927,32.32320022583008,2744500,0.0,0.0
2008-09-04,31.958069369908998,32.66226091668043,31.54077178098807,32.29712677001953,2850600,0.0,0.0
2008-09-05,31.94068235335685,32.38405997024968,31.44513798193144,32.24496078491211,2953200,0.0,0.0
2008-09-08,33.37514603955509,34.15758112263901,31.845054819330137,32.58401870727539,2364200,0.0,0.0
2008-09-09,32.53184532349458,32.757883530162566,31.601619073588033,31.84504508972168,2915000,0.0,0.0
2008-09-10,32.03630981164754,32.37536717933587,30.95829197245008,32.06239318847656,3202000,0.0,0.0
2008-09-11,31.784198802701688,32.975235913611805,31.332125572224985,32.801361083984375,2116400,0.0,0.0
2008-09-12,32.43622368426501,33.07955617827798,31.949374873249788,32.983924865722656,1462300,0.0,0.0
2008-09-15,31.38428152762545,34.47055022318138,31.38428152762545,33.575096130371094,3877700,0.0,0.0
2008-09-16,33.105639376125545,33.5316291816144,32.323204383451476,32.92306900024414,3350200,0.0,0.0
2008-09-17,32.43622315568653,33.322981698949654,30.341039827395633,30.880048751831055,3358400,0.0,0.0
2008-09-18,31.27126569206393,31.653787612915036,29.645540066578036,31.65378761291504,3917000,0.0,0.0
2008-09-19,32.82744298985434,34.23582620412218,31.21041593782099,31.584245681762695,3815100,0.0,0.0
2008-09-22,31.366905096129916,31.4712286803052,30.08023318695799,30.28019142150879,2270000,0.0,0.0
2008-09-23,30.219320076525953,30.8365757123522,29.341257244852617,29.689006805419922,2038100,0.0,0.0
2008-09-24,30.358422403915718,30.367117967848937,28.60229655740185,29.297792434692383,2409800,0.0,0.0
2008-09-25,29.202168788698785,29.532530660701692,28.628384124897316,29.150005340576172,1866000,0.0,0.0
2008-09-26,28.69792590374849,29.515136500067186,28.045897866116903,29.445585250854492,3246000,0.0,0.0
2008-09-29,28.88919293455314,29.428201932722704,26.628828393930103,27.16783905029297,3750300,0.0,0.0
2008-09-30,27.767703564921742,29.08045366002101,26.767927485611043,29.010902404785156,3779000,0.0,0.0
2008-10-01,28.79356581008665,29.28910700132897,28.402348207425064,28.993520736694336,2289700,0.0,0.0
2008-10-02,27.915499980622542,28.06329144096804,24.690133096577412,25.203062057495117,4919600,0.0,0.0
2008-10-03,25.43779484067037,26.18545440724073,24.707523091507124,25.05527114868164,3192500,0.0,0.0
2008-10-06,24.385847703253617,24.646659910645702,22.52539491821136,24.50756072998047,6965400,0.0,0.0
2008-10-07,23.412156967212344,25.489952742477772,23.107876841824506,23.212202072143555,3111300,0.0,0.0
2008-10-08,22.247197576235624,25.2030577880973,21.65602520222467,24.324993133544922,5114800,0.0,0.0
2008-10-09,24.777057667753947,25.211742889995246,22.342821086479695,22.62101936340332,3488900,0.0,0.0
2008-10-10,21.464766998630743,24.768375603497567,20.404133488140737,24.081573486328125,3709400,0.0,0.0
2008-10-13,24.803144803784317,25.229136215784315,24.159810733119453,24.99440574645996,2147700,0.0,0.0
2008-10-14,26.933109441054704,29.24563584719188,26.56797360544392,27.411264419555664,8043800,0.0,0.0
2008-10-15,27.40255753240733,27.40255753240733,25.837689696057968,26.072420120239258,4204600,0.0,0.0
2008-10-16,25.97679712408899,27.637296772135194,24.603191413681895,26.463645935058594,4076200,0.0,0.0
2008-10-17,25.28129782437814,27.689454864615932,24.62926985264398,24.86400032043457,3584000,0.0,0.0
2008-10-20,25.22043872563618,26.31584576858975,24.83791523646366,25.95940399169922,1657200,0.0,0.0
2008-10-21,24.88139122529265,25.715986336972133,24.27283104604821,24.542335510253906,2831500,0.0,0.0
2008-10-22,24.177209004458184,24.6032006299873,22.334143263727896,22.925315856933594,2296100,0.0,0.0
2008-10-23,22.707964124634856,23.2295852344134,21.195257600059257,22.212421417236328,2462800,0.0,0.0
2008-10-24,20.64755527475573,21.934223584437323,20.265031681160924,21.50823211669922,2454500,0.0,0.0
2008-10-27,21.038771433346554,22.003771774980972,20.438905190897643,21.212644577026367,1809700,0.0,0.0
2008-10-28,21.69949998295618,22.586258826213797,20.099858822871088,22.560178756713867,2393300,0.0,0.0
2008-10-29,22.6644982618037,24.837925431645917,22.203732763040886,23.655580520629883,2803400,0.0,0.0
2008-10-30,24.3250023001257,24.603200779038772,23.577344302595247,24.27284049987793,2057700,0.0,0.0
2008-10-31,24.359767555180962,25.24652607236067,23.864226518578487,24.716209411621094,2058000,0.0,0.0
2008-11-03,24.60319250467307,25.25522059216292,23.803371317691127,24.907472610473633,2520100,0.0,0.0
2008-11-04,25.011791951460964,25.4986390113226,24.455393653426313,25.39431381225586,1649300,0.0,0.0
2008-11-05,25.116115359147273,25.316071851448786,23.29913072633203,23.464311599731445,1485800,0.0,0.0
2008-11-06,23.168733040872773,23.229588735639734,22.116795098316306,22.299362182617188,1733000,0.0,0.0
2008-11-07,22.5427834803843,23.11656803426755,21.98638673921099,23.099180221557617,1301800,0.0,0.0
2008-11-10,23.559947158339675,23.586027219044485,22.699270333026384,22.968774795532227,1066200,0.0,0.0
2008-11-11,22.61233421787813,22.925308229730323,21.39521545584306,22.029855728149414,1752600,0.0,0.0
2008-11-12,22.640830240467768,23.02486778897428,21.366518986567048,21.436344146728516,2428000,0.1,0.0
2008-11-13,21.602168347468943,23.522361755371094,20.816635285967983,23.522361755371094,3215400,0.0,0.0
2008-11-14,23.09468719695192,23.40017282085735,21.471252211355242,21.5672607421875,2681100,0.0,0.0
2008-11-17,21.261782642799304,21.42761636210554,20.46752080060399,20.860286712646484,2593900,0.0,0.0
2008-11-18,21.008665072365023,21.47125780419016,20.458792137914482,21.10467529296875,2333600,0.0,0.0
2008-11-19,21.087210417172273,21.541074619951353,19.306668670153385,19.31539535522461,2439800,0.0,0.0
2008-11-20,19.603424265653647,20.69444302482215,18.259290020034555,19.411405563354492,4466100,0.0,0.0
2008-11-21,19.59469848545046,20.781725818203963,18.89644544847993,20.764270782470703,2283000,0.0,0.0
2008-11-24,21.03484321206639,22.256783959228372,20.70317255805397,21.890201568603516,2893400,0.0,0.0
2008-11-25,22.082213863091372,22.300417563970782,20.685711509272853,21.907651901245117,4996200,0.0,0.0
2008-11-26,21.40142494231266,22.553540515936618,21.279229706033185,22.474987030029297,2058400,0.0,0.0
2008-11-28,22.60590853561126,23.57473373413086,22.0822191941206,23.57473373413086,892800,0.0,0.0
2008-12-01,22.972497555204015,23.225614781655537,21.340333938598633,21.340333938598633,1700600,0.0,0.0
2008-12-02,21.75055572794149,22.1695066412976,21.095944301536463,21.968759536743164,1974300,0.0,0.0
2008-12-03,21.628360199082827,22.89394117841982,21.29668950701292,22.771747589111328,2007800,0.0,0.0
2008-12-04,22.335339409876326,23.705658903749207,22.073495535609148,22.736833572387695,1447600,0.0,0.0
2008-12-05,22.274242692137122,23.103416073293744,20.799184644714995,23.068504333496094,2431300,0.0,0.0
2008-12-08,23.618377702445905,25.198174336593553,23.53982420506783,24.75303840637207,2831700,0.0,0.0
2008-12-09,24.421369107386617,24.421369107386617,21.322875786529785,21.75055503845215,3755700,0.0,0.0
2008-12-10,21.88147152404943,22.806654946940114,21.157035149234204,22.361520767211914,1493800,0.0,0.0
2008-12-11,22.029849535448275,22.44880031945939,19.98746238244104,20.100929260253906,2571100,0.0,0.0
2008-12-12,19.516151927686405,20.95629693470191,19.498695220992115,20.860286712646484,3038100,0.0,0.0
2008-12-15,20.860284697716963,21.47998440740107,20.223129947787754,20.537343978881836,2034100,0.0,0.0
2008-12-16,20.790448611670783,21.418876343457075,20.554788212250923,21.375234603881836,3026600,0.0,0.0
2008-12-17,21.235594644175887,22.405167194637112,21.061030930915454,22.20442008972168,3494400,0.0,0.0
2008-12-18,21.5585300170538,21.837830535807914,20.999927314783164,21.24431610107422,1874100,0.0,0.0
2008-12-19,21.29668852204851,21.94257150886308,21.29668852204851,21.5672607421875,4373400,0.0,0.0
2008-12-22,21.619630166952692,21.706912008857223,21.06975572828802,21.637086868286133,1684200,0.0,0.0
2008-12-23,21.776736461742573,21.776736461742573,20.982474888542335,21.462522506713867,1071500,0.0,0.0
2008-12-24,21.532352523624386,21.8029247880007,21.357788805777286,21.71564292907715,477500,0.0,0.0
2008-12-26,21.724365257833853,21.855288842298908,21.26177436390077,21.820375442504883,440200,0.0,0.0
2008-12-29,21.715633234391586,22.24805083784706,21.218129024824062,21.5323429107666,1220900,0.0,0.0
2008-12-30,21.375243148387465,22.17823316517423,21.14831100616916,22.152048110961914,1498400,0.0,0.0
2008-12-31,22.1258639981142,23.024862521428027,21.68945643075401,22.92885398864746,2172300,0.0,0.0
2009-01-02,22.946306183312863,23.400168698991024,22.501170352276414,23.32161521911621,1825400,0.0,0.0
2009-01-05,22.49244289342154,23.260519359009596,22.440072794923214,22.68446159362793,1596900,0.0,0.0
2009-01-06,22.95503748895783,23.356533318559826,22.632096819806755,23.208154678344727,2594100,0.0,0.0
2009-01-07,23.0248600455349,23.13832693311445,22.178230055209944,22.422618865966797,2692600,0.0,0.0
2009-01-08,22.518625259399414,22.815382478417753,22.265509787155782,22.518625259399414,2038000,0.0,0.0
2009-01-09,23.181970636439786,23.181970636439786,21.20940813652458,21.296689987182617,2694900,0.0,0.0
2009-01-12,21.21813816033053,21.52362382932847,20.074750654408707,20.266769409179688,2741300,0.0,0.0
2009-01-13,20.162026855526324,20.519880872745986,19.39394872239937,19.79544448852539,3407000,0.0,0.0
2009-01-14,19.32412338256836,19.463773648052527,18.84407580306184,19.32412338256836,4428500,0.0,0.0
2009-01-15,19.367773129471612,20.249316834875067,19.11465587827317,20.022384643554688,3112700,0.0,0.0
2009-01-16,19.769260992203534,19.970008058655466,18.329116460409594,19.001184463500977,6048000,0.0,0.0
2009-01-20,18.85281231037794,19.09719954834056,17.456307386504903,17.482492446899414,2472600,0.0,0.0
2009-01-21,17.761786903688193,18.1196409471166,17.351562757736637,18.058544158935547,3139700,0.0,0.0
2009-01-22,17.43884457944509,18.285476256986183,17.316651003207248,17.962533950805664,2921900,0.0,0.0
2009-01-23,17.569766050619453,17.97999018551927,17.412660741570406,17.69196128845215,2276600,0.0,0.0
2009-01-26,17.412669538861238,18.302940065641792,17.412669538861238,17.65705680847168,2349800,0.0,0.0
2009-01-27,17.65705373805373,18.64333599387444,17.351568039398735,18.625879287719727,4953400,0.0,0.0
2009-01-28,18.625872254034913,19.996191539207153,18.503678686622102,19.79544448852539,4819100,0.0,0.0
2009-01-29,19.64706802368164,20.074747221232016,19.315397354715923,19.64706802368164,3523700,0.0,0.0
2009-01-30,19.620878063382467,20.458781212173093,19.289209142145136,19.43758773803711,3834100,0.0,0.0
2009-02-02,19.90891370638744,19.90891370638744,18.9226332896087,19.175748825073242,2294700,0.0,0.0
2009-02-03,19.393954200110645,20.51115831622389,19.158295348505803,20.40641975402832,2970200,0.0,0.0
2009-02-04,20.013650054878198,20.895193485631022,20.013650054878198,20.319135665893555,4249600,0.0,0.0
2009-02-05,20.11838345582781,21.645809582206653,19.935093119748284,21.30541229248047,3242400,0.0,0.0
2009-02-06,21.253048137333217,22.667007675008477,21.253048137333217,22.570999145507812,3693300,0.0,0.0
2009-02-09,22.03858298108473,22.658280950971655,22.03858298108473,22.527359008789062,2865300,0.0,0.0
2009-02-10,22.571191809051797,22.921811929960317,21.089819917338616,21.37908172607422,3606000,0.11,0.0
2009-02-11,21.966366225515184,21.966366225515184,19.924002589430206,20.47623062133789,4045700,0.0,0.0
2009-02-12,20.186968029934974,20.23079490661621,19.380541127027715,20.23079490661621,2729000,0.0,0.0
2009-02-13,20.169436778894386,20.335981921072225,19.380541288828695,19.5821475982666,3885300,0.0,0.0
2009-02-17,19.28412315673183,19.371778596367392,18.53905442766223,19.143875122070312,3361500,0.0,0.0
2009-02-18,18.8546110058309,19.187699628915908,18.328680105059824,19.135107040405273,2971500,0.0,0.0
2009-02-19,18.53904828510797,19.748689273133046,18.53904828510797,18.863372802734375,2173500,0.0,0.0
2009-02-20,18.74942026739757,19.23152418971315,18.591640862708395,18.863372802734375,2722100,0.0,0.0
2009-02-23,19.10880944050051,19.20523057697346,18.34621107423256,18.433866500854492,2142900,0.0,0.0
2009-02-24,18.60916992895722,19.406830888022565,18.328673987996353,19.31041145324707,2406700,0.0,0.0
2009-02-25,19.1964603867454,19.23152321796593,18.319909668885906,18.652999877929688,3771700,0.0,0.0
2009-02-26,18.828318163161992,18.933505036024357,17.6712709211191,18.065719604492188,3682500,0.0,0.0
2009-02-27,18.45139828916589,18.45139828916589,17.285585500267782,17.86410903930664,4758300,0.0,0.0
2009-03-02,17.583606394656947,17.87286805583324,16.505449445898734,16.584339141845703,3996200,0.0,0.0
2009-03-03,16.74211821615245,17.092738151550293,16.56680741250966,16.654462814331055,3363100,0.0,0.0
2009-03-04,16.76842035375211,17.627441627920764,16.715827760440035,17.47842788696289,2651800,0.0,0.0
2009-03-05,17.26805122721651,17.26805122721651,16.5142170130105,16.812244415283203,2598200,0.0,0.0
2009-03-06,16.812246986079106,17.259288157846164,15.900633222815726,16.330142974853516,2907200,0.0,0.0
2009-03-09,16.189889558848684,17.092737311001656,16.18112385190883,16.295076370239258,1668300,0.0,0.0
2009-03-10,16.64570580760993,17.215463709427773,16.522989184049084,17.02262306213379,2989200,0.0,0.0
2009-03-11,16.899906650386715,18.451400903914067,16.899906650386715,18.065719604492188,4244500,0.0,0.0
2009-03-12,17.916698837827155,18.644235935670316,17.399533731565253,18.574111938476562,4160600,0.0,0.0
2009-03-13,18.74065644512019,19.59091183998021,18.258554146176024,19.056215286254883,3175900,0.0,0.0
2009-03-16,18.425098118613832,20.230792288818364,18.425098118613832,19.643503189086914,2839100,0.0,0.0
2009-03-17,19.810054550559713,20.598950180543245,19.380544726145214,20.42363929748535,2738200,0.0,0.0
2009-03-18,20.257093976688246,20.896975800118266,19.617210481369884,20.53759002685547,2484400,0.0,0.0
2009-03-19,20.747962212806925,20.993397094402017,20.230796989655794,20.27462387084961,3016000,0.0,0.0
2009-03-20,19.950296824628257,20.50252310451252,19.01238771657314,19.231525421142578,3436900,0.0,0.0
2009-03-23,19.54708839453046,20.642777243369352,19.266592316729863,20.61648178100586,3705000,0.0,0.0
2009-03-24,19.757460319586826,20.774259344656226,19.196466543353527,20.27462387084961,4023000,0.0,0.0
2009-03-25,20.379802665177696,21.24758761029422,19.678562812120205,20.414865493774414,2969000,0.0,0.0
2009-03-26,20.598948920231617,22.527361828327802,20.388576876566496,22.395877838134766,4421700,0.0,0.0
2009-03-27,22.369580961667165,22.439704971783524,21.440435737765014,21.712167739868164,2377200,0.0,0.0
2009-03-30,21.04598811016936,21.124877827921203,20.09931316903547,20.853147506713867,3065500,0.0,0.0
2009-03-31,20.87944729283207,21.642047498550813,20.27462655532331,21.133647918701172,3570900,0.0,0.0
2009-04-01,20.8619131122176,21.37031262487838,20.397342152649856,20.92327308654785,4510700,0.0,0.0
2009-04-02,21.598214310401072,22.956869250643503,21.300186861413092,22.69390296936035,4459000,0.0,0.0
2009-04-03,22.69390576980587,23.237368147344164,22.395878284041068,23.211071014404297,2362300,0.0,0.0
2009-04-06,23.219836937068976,23.219836937068976,22.24686474397324,22.755264282226562,1605100,0.0,0.0
2009-04-07,22.404633412750186,22.562412792089383,21.19499429096241,21.580677032470703,2060600,0.0,0.0
2009-04-08,21.70340373102397,22.18550612938163,21.4316733795072,22.16797637939453,2321400,0.0,0.0
2009-04-09,22.69390379080034,23.807123909850816,22.404642041240358,23.631813049316406,2928200,0.0,0.0
2009-04-13,23.228600266971632,23.58798602414353,22.728966490995496,23.395145416259766,2525700,0.0,0.0
2009-04-14,23.807127690057605,24.93787940908521,22.904279457157006,23.97367286682129,5729200,0.0,0.0
2009-04-15,23.307490205188273,24.070088605604415,23.211069064397712,23.745765686035156,2552800,0.0,0.0
2009-04-16,23.97366863619335,24.333054389233677,23.20230286974954,24.271696090698242,2827800,0.0,0.0
2009-04-17,24.271696012511004,24.324288600816494,23.693172525485885,24.157743453979492,2055900,0.0,0.0
2009-04-20,23.991190853912478,23.991190853912478,22.60624096145713,22.869205474853516,2062300,0.0,0.0
2009-04-21,22.948100487040517,23.850946751872716,22.544886244817366,23.78082275390625,2406800,0.0,0.0
2009-04-22,23.57922046178874,25.104418929761756,23.31625584285446,24.473302841186523,2839100,0.0,0.0
2009-04-23,24.34181743711081,24.482065438964273,23.70193571966837,24.297988891601562,2541400,0.0,0.0
2009-04-24,24.39441422069908,24.797628549379777,24.078855326243612,24.5346622467041,2225100,0.0,0.0
2009-04-27,23.982427823099002,24.148971253284895,23.44773135806063,23.57044792175293,2052000,0.0,0.0
2009-04-28,23.447735433770497,23.903542280838987,22.95686742179032,23.535390853881836,1836300,0.0,0.0
2009-04-29,23.649345790742576,24.631083655173875,23.544160606057158,24.192808151245117,1632700,0.0,0.0
2009-04-30,24.32428463067064,25.33231771341994,24.236629216542884,24.648609161376953,1984600,0.0,0.0
2009-05-01,24.508359008198116,24.508359008198116,23.658105353411706,24.070083618164062,1749100,0.0,0.0
2009-05-04,24.035026922700258,25.3761504673011,24.035026922700258,25.306026458740234,2074100,0.0,0.0
2009-05-05,25.411203892369137,25.411203892369137,24.166501865781527,24.50835609436035,1860800,0.0,0.0
2009-05-06,24.83268697037829,25.67417670512419,24.166508084671833,25.6654109954834,2380100,0.0,0.0
2009-05-07,25.770591483498492,26.9977621880674,24.718731596105656,24.96416473388672,3320800,0.0,0.0
2009-05-08,25.323559608975224,25.61282139213476,24.65738060220723,24.797630310058594,1688500,0.0,0.0
2009-05-11,24.403178864431926,24.666143483722745,23.552925034962552,24.28046226501465,1658700,0.0,0.0
2009-05-12,24.061321080207875,24.2804587888732,22.860445701091162,23.640575408935547,2143200,0.0,0.0
2009-05-13,23.429345639459097,23.561366405707652,22.232353777503928,22.584409713745117,2001100,0.11,0.0
2009-05-14,22.6636144985043,23.80779630654663,22.637209683093655,23.526151657104492,2492100,0.0,0.0
2009-05-15,23.341328568472967,24.362291506273298,23.042080637179602,23.67578125,2166100,0.0,0.0
2009-05-18,23.72859694736954,24.46791540928917,23.649385813846806,24.432710647583008,1533600,0.0,0.0
2009-05-19,24.511920782388724,25.550487159677115,24.31828873858122,24.705551147460938,2108100,0.0,0.0
2009-05-20,24.714351297356647,25.700109640282424,24.32708891134275,24.45030975341797,2118100,0.0,0.0
2009-05-21,24.32708913764326,24.344692355065643,23.288522812015614,23.482154846191406,1934300,0.0,0.0
2009-05-22,23.58777346926225,23.860618334057502,23.165306275607886,23.253320693969727,1346600,0.0,0.0
2009-05-26,22.971671153747856,25.075206756591797,22.813245569164035,25.075206756591797,2531100,0.0,0.0
2009-05-27,25.08401201023911,25.700111222335593,24.811168840875375,24.94318962097168,2563700,0.0,0.0
2009-05-28,25.163220251509273,25.6825033473035,24.626333940564567,25.603290557861328,2312500,0.0,0.0
2009-05-29,25.691308181763418,27.064327239990234,25.59449216501046,27.064327239990234,3276900,0.0,0.0
2009-06-01,26.58024998946926,28.446147345871186,26.50983880014721,28.138097763061523,4185200,0.0,0.0
2009-06-02,28.05007849000275,28.21730565514602,27.31956194172609,27.610008239746094,2589800,0.0,0.0
2009-06-03,28.270123132007974,28.50776156415314,27.495599923470753,27.909265518188477,3586100,0.0,0.0
2009-06-04,27.882857553239067,28.17330223740285,27.57480797350136,28.1116943359375,2145600,0.0,0.0
2009-06-05,28.39333658326516,28.43734630281317,27.80364394498819,28.14689826965332,2468700,0.0,0.0
2009-06-08,28.085289986099074,28.402141179619726,27.86525480809533,28.226112365722656,3237500,0.0,0.0
2009-06-09,28.278924944527606,29.12385930973552,28.02368330582812,28.974233627319336,2605000,0.0,0.0
2009-06-10,29.220674493632337,29.220674493632337,28.29652734846245,28.895023345947266,2210700,0.0,0.0
2009-06-11,28.842208463895897,29.01823725904568,28.322925364812548,28.622173309326172,1821900,0.0,0.0
2009-06-12,28.437347613893213,28.578169993516795,27.627616412954843,28.226112365722656,1708600,0.0,0.0
2009-06-15,27.821252108646163,28.14690327489527,27.03792563023196,27.425188064575195,1774600,0.0,0.0
2009-06-16,27.65401851770892,28.138095190193518,26.888295434953903,27.0731258392334,1970600,0.0,0.0
2009-06-17,26.89709467042523,27.821243252845946,26.413018040634523,27.43398094177246,2306000,0.0,0.0
2009-06-18,27.548400992159344,28.16450010341557,27.09072914131746,27.742033004760742,2374400,0.0,0.0
2009-06-19,27.944469709105345,28.014880904215097,27.398781687953296,27.645221710205078,2080700,0.0,0.0
2009-06-22,26.897102286512734,26.92350711476769,25.400863938840665,26.333812713623047,1944000,0.0,0.0
2009-06-23,26.421826277630785,26.844293443684098,25.832131895488967,26.043365478515625,2044600,0.0,0.0
2009-06-24,26.184185898517512,27.11713457309111,26.17538429004458,26.474632263183594,1984700,0.0,0.0
2009-06-25,26.298605512293886,27.3195703516128,26.157783123160648,27.231555938720703,1567500,0.0,0.0
2009-06-26,26.949907491178184,27.22275062313386,26.562645134420563,27.081928253173828,1613300,0.0,0.0
2009-06-29,27.17874361818312,27.17874361818312,26.113774194968205,26.79148292541504,1579600,0.0,0.0
2009-06-30,26.817888747330304,27.108335135253185,26.369016751679435,26.8882999420166,1779900,0.0,0.0
2009-07-01,27.161141951606858,27.65402026289837,26.879497202297426,26.9851131439209,1795200,0.0,0.0
2009-07-02,26.791482880924203,26.888297214587883,26.07856771846318,26.122575759887695,1393100,0.0,0.0
2009-07-06,25.805724576571688,26.15778051429218,25.38325745130709,26.122575759887695,1764000,0.0,0.0
2009-07-07,26.060967080138493,26.060967080138493,25.304045528862478,25.312847137451172,1842200,0.0,0.0
2009-07-08,25.51527310680462,25.65609545368281,24.696742166365897,25.26883316040039,2213600,0.0,0.0
2009-07-09,25.2512394183725,25.49767776209035,24.811169028893122,25.031204223632812,1492400,0.0,0.0
2009-07-10,24.969590508730295,25.603291160447107,24.828766462947083,25.524078369140625,1858100,0.0,0.0
2009-07-13,25.48887433403616,25.700109583200167,24.467911237595967,25.594491958618164,2745600,0.0,0.0
2009-07-14,25.700104094605084,26.113769538509253,25.418457715447428,26.06976318359375,2309300,0.0,0.0
2009-07-15,24.28308389310345,24.85517505584218,23.358936759351284,23.51736068725586,9468500,0.0,0.0
2009-07-16,23.473363593331502,24.239087101670798,23.37654753353082,24.142271041870117,3280100,0.0,0.0
2009-07-17,24.186266194169722,24.300685426023374,23.72859262422545,23.8430118560791,1818500,0.0,0.0
2009-07-20,23.9750296890666,24.019037726209405,23.350130670253453,23.746192932128906,3458100,0.0,0.0
2009-07-21,23.746192821881117,23.983831185144073,23.086087376418437,23.508554458618164,2031700,0.0,0.0
2009-07-22,23.165306006614927,23.78140524925835,23.147702787399883,23.552568435668945,3377700,0.0,0.0
2009-07-23,23.446943698452497,25.03119769458853,23.156497384304455,25.022396087646484,4094700,0.0,0.0
2009-07-24,24.881577612034746,25.480073547495262,24.81996803257295,25.260038375854492,3357400,0.0,0.0
2009-07-27,25.128023304510524,25.365661762521658,24.626343234533,24.9783992767334,1835500,0.0,0.0
2009-07-28,24.793563062603347,25.14561899942223,24.265478318007464,24.397499084472656,2590900,0.0,0.0
2009-07-29,24.105892543994596,24.353312643565353,23.77894238830364,24.203092575073242,1812300,0.11,0.0
2009-07-30,24.132402815449673,25.157433358512087,24.132402815449673,24.547718048095703,1822700,0.0,0.0
2009-07-31,24.627251017111192,24.892344533205794,24.41517418172734,24.69794273376465,1426400,0.0,0.0
2009-08-03,24.388664808426622,25.7229723784936,24.388664808426622,25.634607315063477,2799500,0.0,0.0
2009-08-04,25.546243486757255,25.97923046453341,25.175111550745772,25.899702072143555,2069700,0.0,0.0
2009-08-05,25.855514187286072,25.855514187286072,25.060232139321755,25.422527313232422,1562300,0.0,0.0
2009-08-06,25.537403457302233,25.625768513398604,24.989543143266598,25.2104549407959,1529900,0.0,0.0
2009-08-07,25.66994628548105,26.80101512315768,25.546236237059063,26.659631729125977,2208200,0.0,0.0
2009-08-10,26.500573460751454,26.82752359397844,26.25315169275744,26.730321884155273,1752600,0.0,0.0
2009-08-11,26.562437025805195,27.127972436648403,26.279670163095314,26.933568954467773,2291100,0.0,0.0
2009-08-12,26.986582815397643,28.029284961120517,26.78334270469646,27.21632957458496,3173800,0.0,0.0
2009-08-13,27.23401330675458,27.49910854490454,26.79218959526168,26.96891975402832,1759400,0.0,0.0
2009-08-14,26.88055022423263,27.216335447787344,25.952721257880746,26.11177635192871,1873000,0.0,0.0
2009-08-17,25.952721958924684,26.164797108807377,24.697942724717805,24.724451065063477,3198800,0.0,0.0
2009-08-18,24.927684642163797,25.68762171067338,24.803974583726664,25.61693000793457,3008000,0.0,0.0
2009-08-19,25.36951662198273,25.837850361386696,25.139769775930354,25.81134033203125,1835300,0.0,0.0
2009-08-20,25.74948528229225,26.00574384312377,25.44904502462536,25.81134033203125,1493800,0.0,0.0
2009-08-21,26.08526819624967,26.60662022800534,25.767154635063587,26.509418487548828,1605400,0.0,0.0
2009-08-24,26.51825725955362,26.792187467000694,26.076433583157375,26.182470321655273,1678800,0.0,0.0
2009-08-25,26.359192910085063,26.836363152807593,26.23548285549319,26.53592300415039,1330800,0.0,0.0
2009-08-26,26.5712688376201,26.5712688376201,25.581584999276732,25.61693000793457,2268700,0.0,0.0
2009-08-27,25.528569409389895,25.625771149637814,24.821652258741675,25.37834930419922,2736500,0.0,0.0
2009-08-28,25.55506979411494,25.678779827453837,24.795132879781015,25.01604461669922,1749400,0.0,0.0
2009-08-31,24.936516970761286,25.069065365046654,24.57422184667305,24.768625259399414,1525600,0.0,0.0
2009-09-01,24.706782700887107,25.51090345727102,24.40634410865288,24.574235916137695,2088300,0.0,0.0
2009-09-02,24.556552439860717,24.98070262128261,24.238438961082796,24.865827560424805,1520900,0.0,0.0
2009-09-03,24.892338930694034,25.50205590299096,24.477025399507397,25.47554588317871,1278100,0.0,0.0
2009-09-04,25.404857070602553,25.7936623116016,25.21045529281467,25.678787231445312,889800,0.0,0.0
2009-09-08,25.811333907907645,26.120610765051143,25.652278827632937,26.04108238220215,1461400,0.0,0.0
2009-09-09,25.93504699307617,26.500580690873047,25.837845256733573,26.28850555419922,2629700,0.0,0.0
2009-09-10,26.376874506275698,27.110301760816157,26.323856135643172,27.083791732788086,2346400,0.0,0.0
2009-09-11,27.658158659298124,28.665515999839727,27.640486994958906,28.27671241760254,3649500,0.0,0.0
2009-09-14,28.011615692812324,28.524129293625595,27.737683859251486,28.42692756652832,2186300,0.0,0.0
2009-09-15,28.42693317768282,28.886430196849016,28.002784546379193,28.329734802246094,1893900,0.0,0.0
2009-09-16,28.497623443603516,28.656680216212298,27.949761414109204,28.497623443603516,1914100,0.0,0.0
2009-09-17,28.276709454598944,28.904098136619712,27.720012478797745,28.4622745513916,2832000,0.0,0.0
2009-09-18,28.745038410464268,28.948276834198243,28.312053229288523,28.56831169128418,2790400,0.0,0.0
2009-09-21,28.34740759646684,28.435770979981093,27.799543831968048,28.232532501220703,2388200,0.0,0.0
2009-09-22,28.453435455255438,29.23104579683628,28.23252369453272,29.071989059448242,2484800,0.0,0.0
2009-09-23,29.29290887046125,29.522655681579778,28.665516735745612,28.824573516845703,3149600,0.0,0.0
2009-09-24,28.762723088431393,29.10734504579056,28.011624123461274,28.16184425354004,2820300,0.0,0.0
2009-09-25,28.294384284822,28.418094355831478,27.86139735086552,27.985107421875,2616600,0.0,0.0
2009-09-28,28.18834630319355,28.58598654548579,27.870234446444424,28.409259796142578,2921100,0.0,0.0
2009-09-29,28.497626768412793,28.621336856909128,27.94976467499958,28.002784729003906,2504100,0.0,0.0
2009-09-30,28.09998110124272,28.753881531390242,27.348882307785775,28.391586303710938,2674700,0.0,0.0
2009-10-01,28.479944088053166,28.798057566182184,28.03812056195086,28.0999755859375,2970900,0.0,0.0
2009-10-02,28.002787446936207,28.46228282827386,27.755365560505382,28.16184425354004,2607300,0.0,0.0
2009-10-05,28.250211692800843,28.718545503143186,27.967444745206958,28.665525436401367,2549800,0.0,0.0
2009-10-06,28.93061022937908,29.4342888535824,28.479948278767804,28.85108184814453,2825700,0.0,0.0
2009-10-07,28.71853870740113,29.080833983952925,28.45344517811762,28.77155876159668,1933400,0.0,0.0
2009-10-08,28.798059682705116,29.770070163230024,28.762712989016073,29.611013412475586,2740000,0.0,0.0
2009-10-09,29.637543452758294,29.946818786747947,29.398958179031276,29.84961700439453,1767400,0.0,0.0
2009-10-12,29.88495040019579,30.25608400641706,29.602183543478073,30.229572296142578,1679400,0.0,0.0
2009-10-13,30.238396769693605,30.362106791338583,29.6728633159764,29.761226654052734,1473500,0.0,0.0
2009-10-14,30.04401499897064,30.733258970275756,29.88495817930827,30.61838722229004,2235800,0.0,0.0
2009-10-15,30.556526558842645,30.627216593025494,30.044009484916874,30.30910301208496,2094500,0.0,0.0
2009-10-16,30.724410787407837,30.724410787407837,29.725888597304447,29.964473724365234,2285600,0.0,0.0
2009-10-19,30.167700789096855,30.167700789096855,29.761224075806776,29.982135772705078,2250400,0.0,0.0
2009-10-20,29.71705404145638,30.07051087232498,29.337085504409064,30.017494201660156,2748800,0.0,0.0
2009-10-21,29.964480491422883,30.150045619650918,28.957123085788407,28.992469787597656,2900900,0.0,0.0
2009-10-22,28.99246111756937,29.75239475413235,28.656674292490653,29.566829681396484,2091500,0.0,0.0
2009-10-23,29.50498246792118,29.558002518815563,28.75388361990869,28.868755340576172,1868800,0.0,0.0
2009-10-26,28.868754748446168,29.337090094623235,28.2236943300299,28.33856773376465,1552900,0.0,0.0
2009-10-27,28.42693300442277,28.77155829483226,27.7818725430774,27.958600997924805,1435700,0.0,0.0
2009-10-28,28.011617300430448,28.232529103476672,27.145641751567542,27.225170135498047,1768900,0.0,0.0
2009-10-29,27.499101488871116,27.640484905437177,27.1191329248161,27.507936477661133,2668300,0.0,0.0
2009-10-30,27.39306794875691,27.55212474199811,26.562438964843746,26.56243896484375,2326100,0.0,0.0
2009-11-02,26.606613232638836,26.827524995286655,26.27082640957727,26.615449905395508,2555400,0.0,0.0
2009-11-03,27.331213007136277,28.206023687850006,27.304702979687892,28.117658615112305,2875900,0.0,0.0
2009-11-04,28.753884526575785,28.98363134600202,27.852563858032227,27.852563858032227,2813400,0.0,0.0
2009-11-05,28.276706537114066,28.912933512869884,28.04695809424925,28.56831169128418,3670900,0.0,0.0
2009-11-06,28.444600095003025,28.541801819300716,27.76419308118865,27.879066467285156,2839400,0.0,0.0
2009-11-09,28.135326417033585,29.02780858791332,28.091144732091387,28.85108184814453,2444900,0.0,0.0
2009-11-10,28.70086317763395,28.886428296963476,28.40926132880853,28.709701538085938,1285100,0.0,0.0
2009-11-11,28.895264450909725,29.469633115095384,28.745042672318856,29.416616439819336,1817200,0.0,0.0
2009-11-12,29.39002401344466,29.39002401344466,28.317265142584347,28.38819122314453,1403000,0.11,0.0
2009-11-13,28.370448245209737,28.849200371032687,28.157670086291922,28.6984806060791,1227900,0.0,0.0
2009-11-16,28.849213077229773,29.76238620006896,28.849213077229773,29.709190368652344,1609300,0.0,0.0
2009-11-17,29.549599758902836,29.913096030329704,29.38114804008121,29.718048095703125,900700,0.0,0.0
2009-11-18,29.585066923865877,29.65599469136794,29.168378126868625,29.230438232421875,1300600,0.0,0.0
2009-11-19,29.106312547824622,29.141773042885145,28.22860019116345,28.565500259399414,1133400,0.0,0.0
2009-11-20,28.255199733370404,28.600962408855718,28.069017749941903,28.379318237304688,924400,0.0,0.0
2009-11-23,28.72508796866769,29.106316240612752,28.60983204453916,28.751684188842773,1524800,0.0,0.0
2009-11-24,28.671892034934007,28.822608458036633,28.272931823747815,28.618696212768555,840800,0.0,0.0
2009-11-25,28.654155862512592,28.88466767583192,28.53003567781205,28.78714370727539,727400,0.0,0.0
2009-11-27,28.10448240136551,28.54777075664881,27.838508373589004,28.26406478881836,394500,0.0,0.0
2009-11-30,28.148811999006696,28.281798174185635,27.70552362106958,28.246335983276367,1005400,0.0,0.0
2009-12-01,28.43250779697577,28.946723785146922,28.40591158449137,28.733943939208984,1074700,0.0,0.0
2009-12-02,28.840341904867167,29.531874101043922,28.831477625054287,29.523006439208984,1540700,0.0,0.0
2009-12-03,29.469808975021273,29.877633417367065,29.398881220515147,29.460941314697266,1337800,0.0,0.0
2009-12-04,29.89536895394045,30.622361615015375,29.336824657058344,29.966293334960938,1846500,0.0,0.0
2009-12-07,29.71806563867504,29.921977971601674,29.044265129677758,29.159521102905273,1397500,0.0,0.0
2009-12-08,28.99106171786261,29.593934205800263,28.645297310785264,29.523006439208984,1601400,0.0,0.0
2009-12-09,29.514144381265357,30.29432958037061,29.079720233244803,30.12588119506836,2041500,0.0,0.0
2009-12-10,30.143607501401707,30.391847892695722,29.620527118302398,29.647123336791992,1097100,0.0,0.0
2009-12-11,29.788966062564484,30.063805967555165,29.65598163010108,29.859893798828125,863400,0.0,0.0
2009-12-14,30.09040899205048,30.312053145037947,29.726912716431894,30.267724990844727,1029000,0.0,0.0
2009-12-15,30.117023045812367,30.285471465407355,29.780122824599395,29.913110733032227,841900,0.0,0.0
2009-12-16,29.957434188273695,30.320930581089904,29.913106019788298,30.081554412841797,800600,0.0,0.0
2009-12-17,29.797833720607745,30.17019418993001,29.221557700537826,29.859893798828125,1455900,0.0,0.0
2009-12-18,30.179070880143573,30.524835242859677,29.35455430042596,29.363418579101562,1888900,0.0,0.0
2009-12-21,29.558467020478894,29.966291486753832,29.49640692265539,29.647123336791992,1076400,0.0,0.0
2009-12-22,29.638265674940357,29.682593842993512,29.35456134097325,29.478681564331055,806500,0.0,0.0
2009-12-23,29.478669040829764,29.88649342489756,29.248160635667404,29.469804763793945,1227200,0.0,0.0
2009-12-24,29.549611168919395,29.744655796837385,29.29250304345631,29.34569549560547,331700,0.0,0.0
2009-12-28,29.522992116032576,29.540724049077692,29.035375794363382,29.32794761657715,511900,0.0,0.0
2009-12-29,29.35456134097325,29.673729562191852,29.35456134097325,29.478681564331055,822400,0.0,0.0
2009-12-30,29.390019690528824,29.585064269616698,28.946731329477238,29.37228775024414,748200,0.0,0.0
2009-12-31,29.14177552986373,29.14177552986373,28.53890309610624,28.609830856323242,1213800,0.0,0.0
2010-01-04,28.866941854679297,29.354558418767297,28.583237548954564,29.310230255126953,1876000,0.0,0.0
2010-01-05,29.301349257439952,29.390008926391605,28.778269047697165,29.3900089263916,2186900,0.0,0.0
2010-01-06,29.230433736633604,29.523002277525833,29.124042101744084,29.21270179748535,1147200,0.0,0.0
2010-01-07,29.15063166814642,29.487528249942347,28.920119920580344,29.32794761657715,1272400,0.0,0.0
2010-01-08,29.3634283895789,30.267737307597844,29.3634283895789,30.179080963134766,2068200,0.0,0.0
2010-01-11,30.179073756337697,30.941530311926577,30.12587793314942,30.62236213684082,1897100,0.0,0.0
2010-01-12,30.498243378212848,30.551435821902544,29.709187182587254,29.886503219604492,1326500,0.0,0.0
2010-01-13,30.329787870876558,30.329787870876558,29.735783109642572,30.019487380981445,1371400,0.0,0.0
2010-01-14,29.85104092127638,30.870605651761093,29.85104092127638,30.764217376708984,1723400,0.0,0.0
2010-01-15,30.56030285036257,30.879471033972944,29.868770658532753,30.16134262084961,1241200,0.0,0.0
2010-01-19,30.223404819391337,30.400720865019085,29.930832836802214,30.054956436157227,1381200,0.0,0.0
2010-01-20,29.868768128638465,30.072680366002096,29.186103656409745,29.984024047851562,1200400,0.0,0.0
2010-01-21,29.913107657656283,30.24114018083634,28.98219915837946,29.186111450195312,1668800,0.0,0.0
2010-01-22,29.212707749194156,29.32796368612891,28.476847343716777,28.574371337890625,1032600,0.0,0.0
2010-01-25,28.689620427751578,28.946728463389825,28.53003636301208,28.72508430480957,687700,0.0,0.0
2010-01-26,28.58323257324425,29.044249453277494,28.352720751206117,28.716217041015625,688400,0.0,0.0
2010-01-27,28.574365674122195,29.248165837392587,28.494573638524955,29.106313705444336,1073100,0.0,0.0
2010-01-28,29.09744705371637,29.09744705371637,26.615032967537573,27.448413848876953,4540300,0.0,0.0
2010-01-29,27.55480979657449,27.74985610448121,27.022863321997438,27.18244743347168,2246000,0.0,0.0
2010-02-01,27.333161758374896,27.563671921554533,27.005127609347067,27.36862564086914,1397100,0.0,0.0
2010-02-02,27.35976348866777,27.43068957254396,26.881011154245055,27.18244743347168,1413600,0.0,0.0
2010-02-03,26.951931404539884,27.661193780797507,26.774617078733623,27.63459587097168,1101000,0.0,0.0
2010-02-04,27.395224722632676,27.572540771599183,26.827816071557727,26.854413986206055,1618100,0.0,0.0
2010-02-05,26.960798857383807,27.226771206227678,26.109685988274652,27.03172492980957,2318200,0.0,0.0
2010-02-08,27.02285522410146,27.28882922719159,26.606164817574186,26.978527069091797,880400,0.0,0.0
2010-02-09,27.297700227220957,27.572538559155735,26.94306815774392,27.200176239013672,1107300,0.0,0.0
2010-02-10,27.137875661305355,27.992332458496094,26.968764119568924,27.992332458496094,2193800,0.12,0.0
2010-02-11,28.01012639277005,28.312746267423385,27.74310965520582,28.099132537841797,2739500,0.0,0.0
2010-02-12,27.84991844607077,28.205941342477892,27.59180078514368,28.197040557861328,1325700,0.0,0.0
2010-02-16,28.375050954722543,28.561964035034183,28.125835777841782,28.56196403503418,708400,0.0,0.0
2010-02-17,28.73997912564381,29.06929969787598,28.713275071736767,29.069299697875977,1508300,0.0,0.0
2010-02-18,29.087101566168602,29.087101566168602,28.57086619251778,28.793380737304688,1103100,0.0,0.0
2010-02-19,28.65986629057827,29.354110395913565,28.65986629057827,29.327409744262695,1413000,0.0,0.0
2010-02-22,29.541019152628294,30.06615342586766,29.505419418655418,29.727933883666992,1626800,0.0,0.0
2010-02-23,29.72794154594994,30.030561432177052,29.327414726634323,29.772443771362305,2247400,0.0,0.0
2010-02-24,29.977157163514473,30.57349446243825,29.727941981313755,30.44888687133789,1579100,0.0,0.0
2010-02-25,30.110661929427028,30.982918308679828,29.76353647858928,30.902812957763672,2026400,0.0,0.0
2010-02-26,30.929517889672457,31.597061441248123,30.911716320860858,31.579259872436523,1858700,0.0,0.0
2010-03-01,31.561455137005392,31.881876552861566,30.991818573395186,31.089725494384766,2163700,0.0,0.0
2010-03-02,31.116422181384504,31.454645121158617,31.04521931765913,31.241029739379883,1786200,0.0,0.0
2010-03-03,30.315378390043612,31.018521668760023,30.315378390043612,30.79600715637207,2381000,0.0,0.0
2010-03-04,30.72480940398295,30.8583160965083,30.226375590768285,30.528995513916016,1761000,0.0,0.0
2010-03-05,30.626881841509842,31.258821921839704,30.600181200039653,31.134214401245117,1023300,0.0,0.0
2010-03-08,31.16983661448295,31.64156634436925,30.96512364877187,31.392351150512695,1399900,0.0,0.0
2010-03-09,31.338930302778174,32.22898798859613,31.303327180473307,32.17558670043945,2095400,0.0,0.0
2010-03-10,32.229010206702824,32.674039356406986,31.712778158603534,31.846284866333008,1904300,0.0,0.0
2010-03-11,31.721666618729305,31.88187733056546,31.338941406598693,31.70386505126953,1779900,0.0,0.0
2010-03-12,31.712762515729363,31.828467592960763,31.249932020899905,31.516948699951172,1407800,0.0,0.0
2010-03-15,31.561457558163884,31.810676120337835,31.374546183009922,31.766170501708984,824100,0.0,0.0
2010-03-16,31.81956996545058,32.53161560729548,31.77506774945429,32.5227165222168,1193900,0.0,0.0
2010-03-17,32.54942973191194,32.86985124320176,31.953092337802488,32.059898376464844,1388700,0.0,0.0
2010-03-18,31.979788215375287,32.4159147886077,31.80177591402844,32.35361099243164,1304700,0.0,0.0
2010-03-19,32.47821412182351,32.68292703048532,31.89077604622401,31.961978912353516,2153900,0.0,0.0
2010-03-22,31.908574925465654,32.30910166666302,31.614857578788584,32.27349853515625,1478000,0.0,0.0
2010-03-23,32.41590712946398,32.5405180876756,32.05988600619225,32.5227165222168,1295800,0.0,0.0
2010-03-24,32.50490997300418,32.6562181632528,32.22899084364968,32.38030242919922,1623300,0.0,0.0
2010-03-25,32.736335615597085,32.87874477484577,31.80177529582124,31.828475952148438,1408600,0.0,0.0
2010-03-26,32.015398653632,32.22901074770608,31.463560054117423,31.721677780151367,1544900,0.0,0.0
2010-03-29,31.775082501321396,32.12220470066904,31.62377082232449,31.721677780151367,1760600,0.0,0.0
2010-03-30,31.881878998600392,31.93528370377381,31.427950888183343,31.766170501708984,2066300,0.0,0.0
2010-03-31,31.748361305943448,32.193390222900106,31.579251539808343,31.93527603149414,1448200,0.0,0.0
2010-04-01,32.16669694344363,32.51381903494379,31.347845178397304,31.69496726989746,1237100,0.0,0.0
2010-04-05,31.819573579493078,31.953083637947348,31.614860646417874,31.748367309570312,1222000,0.0,0.0
2010-04-06,31.60595218832936,32.0331829364728,31.534749327172914,31.93527603149414,1279400,0.0,0.0
2010-04-07,31.78398467252629,31.953097941644934,31.036335480163746,31.21434783935547,2158900,0.0,0.0
2010-04-08,31.036315806386135,32.13108653778557,30.76040005007888,32.0242805480957,1810100,0.0,0.0
2010-04-09,32.131099700927734,32.15780375576594,31.82847977674786,32.131099700927734,887900,0.0,0.0
2010-04-12,32.131095250884336,32.23790466483927,31.97978700740135,32.077693939208984,911900,0.0,0.0
2010-04-13,31.97978276017346,32.24679946899414,31.650462265804677,32.24679946899414,1062100,0.0,0.0
2010-04-14,32.273507293513134,32.994455623318736,32.024292095936964,32.976654052734375,1866400,0.0,0.0
2010-04-15,33.88451826123647,35.2908119656317,33.45729069662729,33.546295166015625,5231700,0.0,0.0
2010-04-16,33.56409613377221,33.73320937598485,32.593932495599375,32.88765335083008,1862700,0.0,0.0
2010-04-19,32.80755121929647,33.332685779928674,32.674041109102305,32.9677619934082,1784200,0.0,0.0
2010-04-20,33.03895999209074,33.25257545763667,32.273509383896545,32.567230224609375,1130800,0.0,0.0
2010-04-21,32.46930653891262,32.834230083144526,32.2912943086115,32.6384162902832,1301900,0.0,0.0
2010-04-22,32.469324882581304,32.914354012104575,32.10440113218434,32.88765335083008,1125800,0.0,0.0
2010-04-23,32.93215347914452,33.38608166830229,32.674035785651576,33.34157943725586,1237600,0.0,0.0
2010-04-26,33.1457559021066,33.65308860611781,33.1457559021066,33.27926254272461,912600,0.0,0.0
2010-04-27,33.2970849123843,33.75991569204904,32.58503886493983,32.647342681884766,1120700,0.0,0.0
2010-04-28,32.860937359320054,33.17245967402464,32.6384228753746,32.79863357543945,1162900,0.0,0.0
2010-04-29,33.065660325804664,33.75990456891207,33.065660325804664,33.519588470458984,1337200,0.0,0.0
2010-04-30,33.42167866059062,33.73320101119065,32.73633356363291,32.75413513183594,1143800,0.0,0.0
2010-05-03,33.03895195642337,33.57298879274951,32.89654281246342,33.5551872253418,819700,0.0,0.0
2010-05-04,33.13686298309399,33.13686298309399,31.828476476664978,32.2201042175293,1343300,0.0,0.0
2010-05-05,32.113282934056244,32.798624364271525,31.926368239606003,32.17558670043945,1556100,0.0,0.0
2010-05-06,32.033184199224365,32.32690153043751,28.045723655892132,31.04521942138672,2293300,0.0,0.0
2010-05-07,30.831618141236863,31.285549763423084,29.994964584001547,30.297584533691406,1603300,0.0,0.0
2010-05-10,31.445747066232524,31.92637574919726,30.715896468512764,31.24993324279785,1579700,0.0,0.0
2010-05-11,31.872975704439913,32.68292828515227,31.26773604024809,32.19339370727539,2535900,0.0,0.0
2010-05-12,32.33628533658489,32.67563422577198,31.78261334330388,31.791542053222656,8547100,0.12,0.0
2010-05-13,31.59507493327173,32.04158530607307,31.086053380806508,31.541492462158203,6074300,0.0,0.0
2010-05-14,31.40754758062494,31.66652449353511,31.014619558923354,31.318246841430664,4833600,0.0,0.0
2010-05-17,31.443271233276278,32.10410832768484,31.05927189849651,31.97908592224121,2380100,0.0,0.0
2010-05-18,32.175545081980445,32.48810447149512,31.496850630545378,31.657594680786133,2439800,0.0,0.0
2010-05-19,31.764746554504157,32.00586255630472,31.032469840859648,31.505769729614258,2435600,0.0,0.0
2010-05-20,30.88066424317034,30.969964970198923,29.612572798417375,29.639362335205078,2481800,0.0,0.0
2010-05-21,28.862429884420216,30.389494523777824,28.621313877163157,30.07693862915039,3758100,0.0,0.0
2010-05-24,29.94298184970081,30.737769697618734,29.800098679362794,30.094797134399414,1850500,0.0,0.0
2010-05-25,29.43395834000989,30.041212624284643,28.978519330105456,29.94297981262207,2432700,0.0,0.0
2010-05-26,30.04120653071593,30.800275935391102,30.04120653071593,30.193021774291992,2823100,0.0,0.0
2010-05-27,30.478804011685053,31.08605849104986,30.39843199510429,31.050336837768555,1640600,0.0,0.0
2010-05-28,31.407536970827337,31.559352264098603,30.657402839147043,30.83600425720215,2300500,0.0,0.0
2010-06-01,30.505588888160954,30.5859608924637,29.88047367765115,29.90726661682129,1987600,0.0,0.0
2010-06-02,29.996571887113678,30.67526626586914,29.925128580610814,30.67526626586914,1676000,0.0,0.0
2010-06-03,30.809225082397464,30.91638665057384,30.434157890477728,30.80922508239746,2361500,0.0,0.0
2010-06-04,30.094798943661882,30.1305205900448,29.603638229009697,29.719728469848633,2459900,0.0,0.0
2010-06-07,29.684011558525604,29.755451447884912,28.916013159940917,29.005313873291016,3502800,0.0,0.0
2010-06-08,29.04103552127259,29.31787318322405,28.210525942022066,29.005313873291016,3608300,0.0,0.0
2010-06-09,29.1571319734896,29.6750822925391,28.64811036399088,28.755271911621094,1755500,0.0,0.0
2010-06-10,29.201775410866457,30.085863930760322,29.201775410866457,30.05907440185547,1829500,0.0,0.0
2010-06-11,29.81796057849947,30.36270374965276,29.684009517683762,30.13051986694336,1094900,0.0,0.0
2010-06-14,31.202147765198,31.59507912562773,30.844941463521447,31.16642951965332,3155500,0.0,0.0
2010-06-15,31.684375587879753,32.04158524811622,31.559353228778125,31.98800277709961,1744500,0.0,0.0
2010-06-16,31.782610961772424,31.95228369034991,31.318239728892713,31.452194213867188,1643500,0.0,0.0
2010-06-17,31.55042144848193,31.684372503076233,30.871723841431677,31.362884521484375,1318100,0.0,0.0
2010-06-18,31.416473700437095,31.675450563903098,31.041403172899404,31.25572967529297,1499000,0.0,0.0
2010-06-21,31.577208762947244,31.5861374699858,30.764560158309774,30.86279296875,1348600,0.0,0.0
2010-06-22,30.943172469060716,31.077123546771098,29.487547593033714,29.532197952270508,3381200,0.0,0.0
2010-06-23,29.523266347146997,30.157310243287046,29.219639164873723,29.871543884277344,2116500,0.0,0.0
2010-06-24,29.692939468101965,30.31805466454065,29.59470664209826,29.844751358032227,1726900,0.0,0.0
2010-06-25,29.719728040223387,30.139448862645995,29.66614897802724,29.960844039916992,1093500,0.0,0.0
2010-06-28,29.94298184970081,30.31805230096528,29.66614762338537,30.094797134399414,1418800,0.0,0.0
2010-06-29,29.47861357175385,29.844751944395192,29.380384150423982,29.541128158569336,2159000,0.0,0.0
2010-06-30,29.46076143405026,29.96978308219581,29.16606289743734,29.174991607666016,1206200,0.0,0.0
2010-07-01,29.210703176463184,29.621491837241656,28.326612981773245,29.505401611328125,1928300,0.0,0.0
2010-07-02,29.630427536127264,29.684010005295903,28.799918000333538,29.21070671081543,1543100,0.0,0.0
2010-07-06,29.478618410222023,29.880478496544644,28.60345833701075,28.82671356201172,1868800,0.0,0.0
2010-07-07,28.835642471869992,29.96084718183382,28.80884953135856,29.916196823120117,2252900,0.0,0.0
2010-07-08,29.96978216432455,30.42522131733619,29.88941014831022,30.38949966430664,1198000,0.0,0.0
2010-07-09,30.46094438851249,30.78243246753708,30.255549983936668,30.639549255371094,954500,0.0,0.0
2010-07-12,30.577038317006632,31.29145438377219,30.505595007027818,30.69312858581543,1382700,0.0,0.0
2010-07-13,30.961019574092955,31.541484270625684,30.943162161629928,31.407529830932617,1512700,0.0,0.0
2010-07-14,31.425403914431186,31.425403914431186,30.80922072628309,31.264659881591797,1380900,0.0,0.0
2010-07-15,31.559354180106634,31.559354180106634,30.523450222119028,31.059261322021484,1140900,0.0,0.0
2010-07-16,31.121763260420007,31.996926353800127,30.934229771811218,31.34501838684082,4342600,0.0,0.0
2010-07-19,31.425397871685206,31.818329168227216,31.112841982711966,31.434329986572266,1301100,0.0,0.0
2010-07-20,31.077117774076132,31.612932205200195,30.65740038728954,31.612932205200195,2239700,0.0,0.0
2010-07-21,31.648663611887944,31.737967757538954,30.64848102683048,30.80922508239746,1347200,0.0,0.0
2010-07-22,31.166424452223247,31.880840346021863,31.13963151416576,31.434329986572266,1307600,0.0,0.0
2010-07-23,31.327157792327004,31.90761901809617,31.157481733257026,31.702224731445312,1517600,0.0,0.0
2010-07-26,31.8808381108948,32.28269808754626,31.702233298315992,32.25590515136719,1086300,0.0,0.0
2010-07-27,32.318411919328234,32.7113431347603,31.845112126124704,31.907623291015625,1390300,0.0,0.0
2010-07-28,32.04202923884994,32.2839577334874,31.65673950822322,31.809062957763672,1100400,0.12,0.0
2010-07-29,32.050994715256984,32.15851736223644,31.432735222520964,31.871788024902344,1078800,0.0,0.0
2010-07-30,31.69258759168662,32.05995984130727,31.298335529535,31.800113677978516,974400,0.0,0.0
2010-08-02,32.221245523379814,32.57069675830091,32.006200187159436,32.337730407714844,1035100,0.0,0.0
2010-08-03,32.1943565714444,32.445243865173545,31.307285411628765,31.8359432220459,1135700,0.0,0.0
2010-08-04,31.898657726335937,32.68716486323999,31.853856922461418,32.62444305419922,1542600,0.0,0.0
2010-08-05,32.2660429840186,32.561734563077856,32.015155645241265,32.09579849243164,1862100,0.0,0.0
2010-08-06,31.86283984174403,31.91659947409894,31.14601284155692,31.558189392089844,2020800,0.0,0.0
2010-08-09,31.62090580429999,32.03307886587036,31.576104979013447,31.93451499938965,962800,0.0,0.0
2010-08-10,31.59401832680707,31.692582180035757,30.930957998314238,31.38793182373047,1480300,0.0,0.0
2010-08-11,30.9130460608257,30.9130460608257,29.891572042231054,30.12453842163086,2132500,0.0,0.0
2010-08-12,29.810917265513883,30.357496089586604,29.24641743201941,30.17828941345215,2341500,0.0,0.0
2010-08-13,30.00804483017402,30.223090106202555,29.613789460649976,29.64067268371582,1598200,0.0,0.0
2010-08-16,29.551082421488957,29.721326968359143,29.353954638103144,29.622766494750977,2039700,0.0,0.0
2010-08-17,30.393338538221027,30.939917431492027,30.115571402225488,30.438142776489258,2130400,0.0,0.0
2010-08-18,30.321654888050784,31.00263617401763,29.98116253602579,30.572542190551758,1121300,0.0,0.0
2010-08-19,30.45606141578339,30.57254285557364,29.622753236540944,30.160369873046875,1451600,0.0,0.0
2010-08-20,29.99907605534172,30.30372631148777,29.58690318469774,30.22308349609375,1400900,0.0,0.0
2010-08-23,30.447096520915657,30.76070904633515,29.97220175321086,30.043882369995117,1182700,0.0,0.0
2010-08-24,29.757153766296547,29.792995784572792,29.004488472910335,29.282258987426758,1300600,0.0,0.0
2010-08-25,29.05825864046427,29.38083004804613,28.71776621934077,29.264345169067383,1357800,0.0,0.0
2010-08-26,29.34499141284048,29.846769595753567,29.17474689164272,29.246427536010742,1430100,0.0,0.0
2010-08-27,29.39875604951593,30.34854600178177,29.183707268613915,30.12453842163086,1843600,0.0,0.0
2010-08-30,29.93636658236487,30.151415318066118,29.38082885742188,29.380828857421875,682300,0.0,0.0
2010-08-31,29.29122673276988,29.595877145036688,28.861132636290392,29.344989776611328,1583300,0.0,0.0
2010-09-01,29.792992222918212,30.751743879652732,29.51522174160834,30.689022064208984,1755000,0.0,0.0
2010-09-02,30.617339436566084,31.181839219460826,30.55461761825364,31.011594772338867,1970700,0.0,0.0
2010-09-03,31.361055255190657,31.629863616618394,30.832397329879804,30.921998977661133,1957800,0.0,0.0
2010-09-07,30.832395826386243,31.029523543593047,30.35750096375195,30.662151336669922,1339600,0.0,0.0
2010-09-08,30.76071256408413,31.468573689891336,30.724870542551706,30.805513381958008,2549600,0.0,0.0
2010-09-09,31.163927831551383,31.262491695919984,30.303739699380724,30.491905212402344,2108900,0.0,0.0
2010-09-10,30.491912825137028,30.76968347424481,30.214145594113894,30.482954025268555,1494800,0.0,0.0
2010-09-13,30.966811789073727,31.844921169048007,30.957849570965227,31.128097534179688,2381700,0.0,0.0
2010-09-14,31.092248329108205,31.361056702945234,30.877199579188225,31.154970169067383,2092500,0.0,0.0
2010-09-15,30.9309629052662,31.549222512578,30.662154528960368,31.531301498413086,1929400,0.0,0.0
2010-09-16,31.40585428813273,31.602982003710768,31.038482084245025,31.361053466796875,2505300,0.0,0.0
2010-09-17,31.42377634951179,31.665704894503584,31.146005779021138,31.59402084350586,1987500,0.0,0.0
2010-09-20,31.719467745856132,31.818028188271747,31.396896354434382,31.65674591064453,1936800,0.0,0.0
2010-09-21,31.549216665880657,32.086836736944576,31.549216665880657,31.871788024902344,1772900,0.0,0.0
2010-09-22,31.800107659387795,32.122675602961245,31.414814468306993,31.7015438079834,2683600,0.0,0.0
2010-09-23,31.361050642032485,31.567137136081566,30.913035632860595,31.056400299072266,2087000,0.0,0.0
2010-09-24,31.549208840504804,32.43627985778788,31.343122394043228,32.373558044433594,2311400,0.0,0.0
2010-09-27,31.432732109173983,32.086833558810206,31.378969081967714,31.468570709228516,2790200,0.0,0.0
2010-09-28,31.71946483905416,32.50796881462179,31.253528807264196,31.71050262451172,2634300,0.0,0.0
2010-09-29,31.656745058949358,31.746346701674234,31.378974497568528,31.62986183166504,1684400,0.0,0.0
2010-09-30,31.683630661102423,32.00620210282381,31.06536759177503,31.09225082397461,2791400,0.0,0.0
2010-10-01,31.43274404568908,31.558187738724364,30.608394405896203,30.94888687133789,2474600,0.0,0.0
2010-10-04,30.930950779244956,31.190800255640163,30.36645101764772,30.52773666381836,1146800,0.0,0.0
2010-10-05,30.841365607152166,31.782200288459777,30.742805131531625,31.35210609436035,1639800,0.0,0.0
2010-10-06,31.43272623070144,31.91657971273685,31.307279190680944,31.880741119384766,2939900,0.0,0.0
2010-10-07,31.979317179336025,32.015159208317094,31.513381056834195,31.737388610839844,2693100,0.0,0.0
2010-10-08,31.773230447363545,32.12268168260221,31.459621240888843,31.800113677978516,1552500,0.0,0.0
2010-10-11,31.809079619494067,32.21229398842855,31.809079619494067,32.059967041015625,1498600,0.0,0.0
2010-10-12,31.907648101626567,31.988290987014004,31.540275716658304,31.916606903076172,2048500,0.0,0.0
2010-10-13,32.09580069996982,32.63341743949367,31.889714169216216,32.20332336425781,2823600,0.0,0.0
2010-10-14,32.03307238482401,32.20331685370194,31.710501039090516,31.818023681640625,2202000,0.0,0.0
2010-10-15,31.656748102773346,32.83950767449966,31.567143033349293,32.30188751220703,3430400,0.0,0.0
2010-10-18,32.185402630997714,32.47213543507078,31.961395084563428,32.30188751220703,1421400,0.0,0.0
2010-10-19,31.970364305912923,32.30189459021728,31.74635671039396,32.086849212646484,2088100,0.0,0.0
2010-10-20,32.275007952177006,32.857425526598846,32.03307938997079,32.660301208496094,1486800,0.0,0.0
2010-10-21,32.68716880925605,32.68716880925605,32.19435307097882,32.54380416870117,1247700,0.0,0.0
2010-10-22,32.55275896069715,32.61548076301171,32.25706753428689,32.382511138916016,947900,0.0,0.0
2010-10-25,32.69614264942524,32.98287203250223,32.597578783101795,32.7230224609375,938100,0.0,0.0
2010-10-26,32.59757790122851,33.12623582786548,32.48109302435358,32.94702911376953,800100,0.0,0.0
2010-10-27,32.66924780192636,32.875334259093826,32.2301950856382,32.54380416870117,1146600,0.0,0.0
2010-10-28,32.69613775344232,32.79469818692326,32.01515300704354,32.230201721191406,1166300,0.0,0.0
2010-10-29,32.02411099499735,32.41836293113714,31.898663934419194,32.212276458740234,1029000,0.0,0.0
2010-11-01,32.346683938503745,32.65133429694317,32.12267642253604,32.36460494995117,904300,0.0,0.0
2010-11-02,32.678223245816824,32.90223080101308,32.400452646863215,32.615501403808594,484600,0.0,0.0
2010-11-03,32.552779561800364,32.87534757009239,32.257087948260974,32.615501403808594,731700,0.0,0.0
2010-11-04,32.96494985174378,33.574250623732325,32.83054396277311,33.38608169555664,1585900,0.0,0.0
2010-11-05,33.43982940504023,33.843043469024266,33.206863178117324,33.36814880371094,1063800,0.0,0.0
2010-11-08,33.21583923148031,33.852019852966386,33.19791821731513,33.29648208618164,1115800,0.0,0.0
2010-11-09,33.32335399082014,33.38607581647253,32.499008043341306,32.57965087890625,915400,0.0,0.0
2010-11-10,32.73248161950703,33.32581952021646,32.63359139782187,33.18198013305664,1029500,0.12,0.0
2010-11-11,32.813405804002805,33.433712788726275,32.651585994178774,33.30785369873047,1033200,0.0,0.0
2010-11-12,33.047124569923845,33.25389687501485,32.74146548642537,32.993186950683594,574000,0.0,0.0
2010-11-15,33.1280456346562,33.50562624407004,32.87632751464844,32.87632751464844,771000,0.0,0.0
2010-11-16,32.51672815048692,32.804410419026425,32.22904931134969,32.35491180419922,1723400,0.0,0.0
2010-11-17,32.33692827527063,32.77743495411476,32.29197567467671,32.62460708618164,961100,0.0,0.0
2010-11-18,32.885320180605504,33.47865821272315,32.73248886886188,33.06511688232422,891600,0.0,0.0
2010-11-19,32.98421023809648,33.6225009378086,32.86734305636833,33.58654022216797,956100,0.0,0.0
2010-11-22,33.33481919561042,33.793306277564554,32.95723857276381,33.37976837158203,1693800,0.0,0.0
2010-11-23,33.065118571081975,33.155020355935214,32.81340043229778,33.04713821411133,1372200,0.0,0.0
2010-11-24,33.30784895446557,33.66744924272154,33.30784895446557,33.514617919921875,883500,0.0,0.0
2010-11-26,33.244909510066385,33.505619469879434,33.11905047550877,33.26288986206055,332800,0.0,0.0
2010-11-29,33.06511688232422,33.1819874819632,32.73248886886188,33.06511688232422,1099900,0.0,0.0
2010-11-30,32.64259202228955,32.975220051080576,32.54370177414568,32.81340026855469,1825000,0.0,0.0
2010-12-01,33.36178722775779,33.86522347379916,33.316838052847274,33.78431701660156,1331600,0.0,0.0
2010-12-02,33.80229144650952,34.961998592320484,33.72138156588546,34.63835906982422,1621800,0.0,0.0
2010-12-03,34.59340301191416,35.267650739761926,34.422594822110526,35.18674087524414,1282900,0.0,0.0
2010-12-06,35.13281865796371,35.18675630502697,34.84513634621427,35.1058464050293,1207700,0.0,0.0
2010-12-07,35.39350387596459,36.59815975305689,35.39350387596459,36.20260238647461,2515600,0.0,0.0
2010-12-08,36.4183678004887,36.427359691160746,35.825029903988614,35.95988082885742,1413400,0.0,0.0
2010-12-09,36.148676861286354,36.34645734418512,35.959888270920544,36.319488525390625,1092200,0.0,0.0
2010-12-10,36.373421750614625,36.40938245757977,35.995844615685904,36.36443328857422,1190100,0.0,0.0
2010-12-13,36.607167099939986,36.607167099939986,35.77109942916458,35.923927307128906,1710300,0.0,0.0
2010-12-14,36.013829841825604,36.18463807891768,35.690190294154526,35.79806900024414,1310900,0.0,0.0
2010-12-15,35.12381379367629,35.5553319578495,35.105833441493886,35.32159423828125,1937400,0.0,0.0
2010-12-16,35.30362240520504,36.04978833912366,35.12382226939497,36.02281951904297,1349200,0.0,0.0
2010-12-17,35.986869036804706,36.103739672717076,35.59131136909028,35.60029983520508,4044200,0.0,0.0
2010-12-20,35.7171576069918,35.83402820081128,35.447459138440905,35.45644760131836,1215700,0.0,0.0
2010-12-21,35.600286513487646,36.38241651953,35.429478285996694,36.25655746459961,916700,0.0,0.0
2010-12-22,36.256551910429444,37.047666828629524,36.14866979752819,36.67008972167969,1884200,0.0,0.0
2010-12-23,36.75099635366254,36.97574559163606,36.508266765123,36.62513732910156,1105800,0.0,0.0
2010-12-27,36.60716327341639,36.670092796518084,36.36443364313763,36.51726150512695,465900,0.0,0.0
2010-12-28,36.46332461433487,36.58019177138267,36.193622733389184,36.39140319824219,543700,0.0,0.0
2010-12-29,36.418373107910156,36.616153578700825,36.2565567756474,36.418373107910156,441100,0.0,0.0
2010-12-30,36.319474321325615,36.76897274891924,36.29250208367742,36.7060432434082,586500,0.0,0.0
2010-12-31,36.68806457519531,36.87685310037549,36.571194018435726,36.68806457519531,936400,0.0,0.0
2011-01-03,37.04766940918572,38.01858791651724,37.01170870238047,37.43423843383789,1614500,0.0,0.0
2011-01-04,37.59605662103706,37.59605662103706,36.526251358598365,37.09261703491211,1362200,0.0,0.0
2011-01-05,36.670086782560674,37.191503235518965,36.454326003452984,37.13756561279297,993000,0.0,0.0
2011-01-06,37.092618427471436,37.37130875997866,36.90382986161254,37.23645782470703,722700,0.0,0.0
2011-01-07,37.398278963779624,37.80282835521272,37.317369085493006,37.65898895263672,1300400,0.0,0.0
2011-01-10,37.605049193167645,37.89272798204902,37.21848017759549,37.64100646972656,863700,0.0,0.0
2011-01-11,37.91968369462793,38.32423292339859,37.34432631566542,37.57806396484375,773100,0.0,0.0
2011-01-12,37.87475141082827,37.910708690977486,37.47020200188192,37.60505294799805,672600,0.0,0.0
2011-01-13,37.560099012520396,37.85676971167966,37.36232197581612,37.77585983276367,731600,0.0,0.0
2011-01-14,37.76686976084585,38.009599409290104,37.748892835244405,37.95566177368164,643300,0.0,0.0
2011-01-18,38.04555315325472,38.36020073469978,37.80282354925363,38.2253532409668,881700,0.0,0.0
2011-01-19,38.162431361445414,38.162431361445414,37.065653693384455,37.35333251953125,737500,0.0,0.0
2011-01-20,37.17351957605075,37.5600885083849,36.53523261499704,36.81392288208008,972700,0.0,0.0
2011-01-21,37.02070295585333,37.26343259817334,36.885852011430444,36.97575378417969,580700,0.0,0.0
2011-01-24,37.02969329179017,37.47020342704233,36.912826125406696,37.19151306152344,702700,0.0,0.0
2011-01-25,37.11959714850604,37.650005661366684,37.020706902640136,37.48818588256836,846100,0.0,0.0
2011-01-26,37.57808015191855,38.198390379704264,37.452221099730714,37.96464920043945,719300,0.0,0.0
2011-01-27,37.94667381117734,38.764761186845426,37.784854028790036,38.46809387207031,1597600,0.0,0.0
2011-01-28,38.513049690233814,38.513049690233814,36.867882762091995,37.17354202270508,3224200,0.0,0.0
2011-01-31,37.173526685430794,37.443228544240036,36.75100040347273,36.85887908935547,2026600,0.0,0.0
2011-02-01,37.128569205768635,37.649989024693525,37.128569205768635,37.26342010498047,866800,0.0,0.0
2011-02-02,37.029689220420565,37.137571341316004,36.32847258160908,36.36443328857422,1138400,0.0,0.0
2011-02-03,36.436334620306205,36.8588641605301,36.2475461391254,36.61613464355469,813400,0.0,0.0
2011-02-04,36.80493679702617,36.92180736996277,36.37341863856966,36.912818908691406,513500,0.0,0.0
2011-02-07,36.92181272053014,37.002722601303475,36.72403224988376,36.97575378417969,691100,0.0,0.0
2011-02-08,37.08362004916496,37.49715777696006,37.038670892561285,37.26342010498047,828800,0.0,0.0
2011-02-09,37.23646114217972,37.43424161702499,36.87686433175438,37.16454315185547,780100,0.0,0.0
2011-02-10,36.89484198686125,37.59605863087002,36.88585009535243,37.47019958496094,465900,0.0,0.0
2011-02-11,37.3890515809855,38.20969875862432,37.3890515809855,38.056392669677734,620500,0.13,0.0
2011-02-14,38.092445295809554,38.408077331777754,37.839936226903816,38.137535095214844,516500,0.0,0.0
2011-02-15,38.02030246880636,38.46219080118201,38.02030246880636,38.45317077636719,796600,0.0,0.0
2011-02-16,38.63352955991993,39.62551890199413,38.58843976075859,39.12952423095703,1341100,0.0,0.0
2011-02-17,39.102467208952426,39.15657358659323,38.633525775324074,38.67861557006836,1066400,0.0,0.0
2011-02-18,38.67862018261023,38.78683639092778,38.362988141629366,38.61549377441406,517700,0.0,0.0
2011-02-22,38.16458346364467,38.30887286758521,37.1184844250431,37.16357421875,963600,0.0,0.0
2011-02-23,36.98320521958285,37.3258937848342,35.81987360618906,36.225685119628906,1366300,0.0,0.0
2011-02-24,36.13552018265788,37.38001873091738,36.018283939672536,36.78482437133789,1204200,0.0,0.0
2011-02-25,37.00125604904403,37.31689155212999,36.721697204750484,37.02831268310547,1118200,0.0,0.0
2011-02-28,37.28081060628585,37.6776056089181,37.09143140776573,37.52429962158203,904600,0.0,0.0
2011-03-01,37.67761397547201,37.68663400033636,36.50526187270827,36.69464111328125,1362700,0.0,0.0
2011-03-02,36.577403850365606,37.325904136642706,36.397041216521245,37.11848831176758,879800,0.0,0.0
2011-03-03,37.41609084818563,38.99425802908281,37.41609084818563,38.87702178955078,1049300,0.0,0.0
2011-03-04,38.73273378979863,39.02131266691796,38.21870244992161,38.43513488769531,1020100,0.0,0.0
2011-03-07,38.48022567381295,38.49826228410945,37.316893550807784,37.876014709472656,1168100,0.0,0.0
2011-03-08,38.0112815262305,39.354976098541535,37.89404529799916,39.05738067626953,702000,0.0,0.0
2011-03-09,38.95818613403674,39.59847030068913,38.75077028174645,39.11149215698242,555400,0.0,0.0
2011-03-10,38.54333567327008,38.913077393536696,38.14653733143183,38.525299072265625,740900,0.0,0.0
2011-03-11,38.317903559398644,38.85898811479912,38.074414477428924,38.57942581176758,697100,0.0,0.0
2011-03-14,38.26380229645401,38.54336466208967,37.65057116160529,38.42612838745117,1014800,0.0,0.0
2011-03-15,37.10044373367929,38.69664702405588,36.84793816462436,38.399051666259766,846400,0.0,0.0
2011-03-16,38.41709819514928,39.03032916774049,38.03833970979495,38.480224609375,1670500,0.0,0.0
2011-03-17,39.29185894863725,39.57142126946695,38.498265235412106,38.570411682128906,976200,0.0,0.0
2011-03-18,39.0754155463692,39.18363174600843,38.34494845850973,38.59745407104492,778300,0.0,0.0
2011-03-21,39.12052308641911,39.499281677012036,38.877033946695434,39.219722747802734,452700,0.0,0.0
2011-03-22,39.23773884841424,39.37301168055286,38.94014343389272,39.03032302856445,427300,0.0,0.0
2011-03-23,38.90408013416243,38.967206554545776,38.480228362904036,38.70568084716797,859500,0.0,0.0
2011-03-24,38.80487522162632,39.01229106616977,38.507279771674895,38.74174880981445,845700,0.0,0.0
2011-03-25,38.98522737559744,39.52631518274879,38.678611983584155,39.26478958129883,622200,0.0,0.0
2011-03-28,39.42712460620112,39.616503834003396,39.093452511351806,39.2738151550293,585900,0.0,0.0
2011-03-29,39.291857261132485,39.598472766246516,39.048368174118536,39.50829315185547,444700,0.0,0.0
2011-03-30,39.66159441911518,40.22071552945269,39.58945142429649,40.06740951538086,887900,0.0,0.0
2011-03-31,40.03133450128991,41.248779735447705,39.79686547848797,40.96019744873047,1002500,0.0,0.0
2011-04-01,41.158601421245905,41.45620032602901,40.175628537165686,40.446170806884766,1755400,0.0,0.0
2011-04-04,40.57242783141233,41.13154899124742,40.57242783141233,41.014312744140625,714700,0.0,0.0
2011-04-05,40.996270664586525,41.50128536617767,40.77983824971261,40.96019744873047,608100,0.0,0.0
2011-04-06,41.329941292920054,41.58244691474151,40.879036431021106,41.22172164916992,488000,0.0,0.0
2011-04-07,41.239761272757185,41.5824499561015,40.951182415245555,41.28485107421875,514100,0.0,0.0
2011-04-08,41.329949162543784,41.39307558001903,39.79687165214831,39.91410446166992,1745700,0.0,0.0
2011-04-11,39.92312320761756,40.43715455637443,39.68865071582538,40.265811920166016,631300,0.0,0.0
2011-04-12,39.923120904039116,40.59947826497016,39.923120904039116,40.410099029541016,839700,0.0,0.0
2011-04-13,40.67161559890627,40.75277860852362,40.12151457831195,40.22071075439453,941600,0.0,0.0
2011-04-14,41.03234527080258,43.42214258020955,40.84296604133809,42.86301803588867,4221400,0.0,0.0
2011-04-15,43.115530109111354,43.6115248379197,42.89007764691378,43.55741500854492,1359100,0.0,0.0
2011-04-18,43.10651895713598,43.15160877083041,42.06943948163507,42.32194519042969,1381600,0.0,0.0
2011-04-19,42.53836940436861,42.61051584436298,41.925141865074515,42.06943130493164,1013400,0.0,0.0
2011-04-20,42.57443928253045,42.94418115815007,42.024334761213886,42.59247589111328,928200,0.0,0.0
2011-04-21,42.844970840046216,43.04337004482008,42.57442865907397,42.754791259765625,392300,0.0,0.0
2011-04-25,42.781850417285405,42.781850417285405,41.94316713111727,42.47523498535156,475500,0.0,0.0
2011-04-26,42.57445001809282,43.28688075616984,42.57445001809282,42.971248626708984,413500,0.0,0.0
2011-04-27,43.0073090588952,43.36803436279297,42.817929822408026,43.36803436279297,748600,0.0,0.0
2011-04-28,43.22375117929695,43.76483577325151,43.16964134384871,43.35902404785156,794800,0.0,0.0
2011-04-29,43.458220205367404,43.458220205367404,42.9261521978337,42.99829864501953,999000,0.0,0.0
2011-05-02,43.28686815687602,43.494283987311974,42.31291197208333,42.53836441040039,1065400,0.0,0.0
2011-05-03,42.385060236493324,42.62854929322085,41.627539873384784,42.2768440246582,800000,0.0,0.0
2011-05-04,42.18668243894387,42.502318090858815,41.898103433848156,41.952213287353516,709100,0.0,0.0
2011-05-05,41.79887864484676,43.151593208629905,41.79887864484676,42.54738235473633,767500,0.0,0.0
2011-05-06,42.33998198843496,42.77285039402582,41.97024001031783,42.23176574707031,723800,0.0,0.0
2011-05-09,42.11451803712592,42.267824050731114,41.75379274373634,41.8259391784668,1038200,0.0,0.0
2011-05-10,42.087459564208984,42.439168257948204,41.94317014118694,42.087459564208984,450300,0.0,0.0
2011-05-11,42.403980351650155,42.611975578709824,41.84329741567448,41.870426177978516,846200,0.13,0.0
2011-05-12,41.770953709454325,42.04225515912409,41.165054957938644,41.73478317260742,858000,0.0,0.0
2011-05-13,41.626244831455416,41.85232698404814,40.99321756398769,41.39112091064453,483600,0.0,0.0
2011-05-16,41.192170972771265,41.69859627902729,40.975134019904516,41.08365249633789,814300,0.0,0.0
2011-05-17,40.93896018185904,41.18312934195842,40.50488282492909,41.03843688964844,716300,0.0,0.0
2011-05-18,40.975138729096166,42.1236367067095,40.81235927086809,42.006072998046875,702800,0.0,0.0
2011-05-19,42.03320384310852,42.59388675496485,41.70764491050138,41.97894287109375,570700,0.0,0.0
2011-05-20,41.79807531651419,41.93372255718252,41.327823959435214,41.63529586791992,521300,0.0,0.0
2011-05-23,41.13791444874869,41.19217196340013,40.61340214218309,40.938961029052734,346100,0.0,0.0
2011-05-24,41.12888042344499,41.327833897288095,40.74906391855309,41.02940368652344,623000,0.0,0.0
2011-05-25,40.920875605847534,41.18313176915972,40.758096156187584,40.78522491455078,742300,0.0,0.0
2011-05-26,40.740017829115494,41.21026928925342,40.49584860271266,41.12887954711914,853900,0.0,0.0
2011-05-27,41.29164662156247,41.409210313699546,40.73096381633502,40.830440521240234,620300,0.0,0.0
2011-05-31,41.146964357830434,41.48156508008753,40.78523142313995,41.463478088378906,848900,0.0,0.0
2011-06-01,41.0836611910434,41.5991283753676,39.88994734842517,39.917076110839844,1515000,0.0,0.0
2011-06-02,40.09793683028249,40.60436217114447,39.880896412844386,40.29689025878906,814500,0.0,0.0
2011-06-03,39.79950908186477,40.052723492399366,39.13934946998002,39.645774841308594,1015200,0.0,0.0
2011-06-06,39.41065164798381,39.889944818867555,39.0127447591831,39.057960510253906,601500,0.0,0.0
2011-06-07,39.37449218729748,39.52822648757869,39.012759145853984,39.247886657714844,610500,0.0,0.0
2011-06-08,39.06700299336006,39.202650237069314,38.58770640631415,39.003700256347656,651000,0.0,0.0
2011-06-09,39.13030941151275,39.25691489744783,38.83187923774513,39.048919677734375,862600,0.0,0.0
2011-06-10,38.94039361939108,39.22977851667697,38.80474293952703,38.91326141357422,874300,0.0,0.0
2011-06-13,39.012758805862546,39.32927607680268,38.958501264938235,38.98563003540039,1102100,0.0,0.0
2011-06-14,39.36543423372895,40.20646035082953,39.36543423372895,39.971336364746094,684800,0.0,0.0
2011-06-15,39.528208495850734,39.88089615337014,39.47395097914952,39.85376739501953,972300,0.0,0.0
2011-06-16,39.79950769800248,41.0384405982157,39.781424158352216,40.55010223388672,1480600,0.0,0.0
2011-06-17,40.83948478882453,41.21930464445347,40.522971117250655,40.66766357421875,1005500,0.0,0.0
2011-06-20,40.36923558880791,40.91183491860873,40.36923558880791,40.7309684753418,428600,0.0,0.0
2011-06-21,40.92087631692484,41.7619023382022,40.92087631692484,41.490604400634766,1032300,0.0,0.0
2011-06-22,41.38207431952768,42.24118716082053,41.29164284138728,41.363990783691406,719200,0.0,0.0
2011-06-23,40.87565567072232,41.93371853536714,40.77617896726203,41.816158294677734,833300,0.0,0.0
2011-06-24,41.77094183790205,42.32258290249707,41.27356173776795,41.33686447143555,751100,0.0,0.0
2011-06-27,41.32783146485739,41.626258208316365,40.993230737421264,41.54486846923828,550900,0.0,0.0
2011-06-28,41.635301892994704,42.20502659577959,41.46347720031345,42.18694305419922,522200,0.0,0.0
2011-06-29,42.250237881156174,42.71144399932339,41.95180775489369,42.277366638183594,1005600,0.0,0.0
2011-06-30,42.43110879528504,42.85614446680752,42.413025253712085,42.58484649658203,634900,0.0,0.0
2011-07-01,42.73857616741446,43.389693985961465,42.4311042475162,43.17265701293945,788100,0.0,0.0
2011-07-05,43.13650085289113,43.254064607522906,42.75668081859691,43.00989532470703,503000,0.0,0.0
2011-07-06,43.04605400966604,43.905167149616,42.82901700678369,43.63386917114258,701200,0.0,0.0
2011-07-07,43.914207190503745,44.42062910398804,43.74238251293681,44.40254211425781,705600,0.0,0.0
2011-07-08,44.01367964632509,44.11315636313341,43.73333993503671,43.96846389770508,418200,0.0,0.0
2011-07-11,43.588649165588386,43.76047039692599,43.09126901193481,43.37160873413086,361600,0.0,0.0
2011-07-12,43.299260749934355,43.480127186682786,42.982743623189506,43.14552307128906,991700,0.0,0.0
2011-07-13,43.4710848809124,44.05889997730498,43.254047902060776,43.380653381347656,812200,0.0,0.0
2011-07-14,43.36256348533525,43.59768743828997,42.792835416986804,43.14552307128906,1573000,0.0,0.0
2011-07-15,42.84710477419444,43.823778204325066,42.10555534306569,43.6700439453125,2692500,0.0,0.0
2011-07-18,43.552466011342204,43.642897493052004,43.03699897616859,43.389686584472656,1228500,0.0,0.0
2011-07-19,43.416828789204395,43.841864474340674,42.37685262840632,42.611976623535156,1284100,0.0,0.0
2011-07-20,42.738579086319746,43.30830721645894,42.28641467027863,42.64814758300781,733000,0.0,0.0
2011-07-21,42.81092748083074,43.58865083622913,42.81092748083074,42.910404205322266,777500,0.0,0.0
2011-07-22,42.838069960920734,43.16362899997391,42.69337743797953,42.928504943847656,474700,0.0,0.0
2011-07-25,42.5034457335095,43.29925589614921,42.44918477364545,42.756656646728516,648800,0.0,0.0
2011-07-26,42.485379316746126,42.485379316746126,41.409228964792945,41.49966049194336,1059100,0.0,0.0
2011-07-27,41.399896161257274,41.63568812519563,40.97365298311099,41.01899719238281,974200,0.13,0.0
2011-07-28,41.11875491509473,41.6175481165961,40.87389204318506,40.95551300048828,618600,0.0,0.0
2011-07-29,40.619956182143746,41.46337147291067,40.16650724988371,41.02806091308594,815400,0.0,0.0
2011-08-01,41.38175676568528,41.481516099349335,40.50206459742006,40.828548431396484,985900,0.0,0.0
2011-08-02,40.40229954512421,41.00992291891848,39.34123069442821,39.43191909790039,1626800,0.0,0.0
2011-08-03,39.4772660174822,39.577025343894114,38.53409479399929,39.540748596191406,1399000,0.0,0.0
2011-08-04,38.9603281960987,39.1145026192331,37.51836057280187,37.52743148803711,1284400,0.0,0.0
2011-08-05,38.41620041562585,39.25961584516896,37.47302565104453,38.48875045776367,2262400,0.0,0.0
2011-08-08,36.95610173298892,37.4548950522006,35.3508915002392,35.51413345336914,2884800,0.0,0.0
2011-08-09,36.294048001365084,37.09211898192727,34.8430095403847,37.010498046875,2254200,0.0,0.0
2011-08-10,36.22150481906908,36.66588636058642,35.16950327906254,35.205780029296875,2199200,0.0,0.0
2011-08-11,35.423431665317246,36.69308659388964,35.359949091865666,36.17615509033203,2154000,0.0,0.0
2011-08-12,36.56611700148776,37.88111943083294,36.384736759588364,37.46394729614258,1979700,0.0,0.0
2011-08-15,37.84485087212559,37.84485087212559,36.35753879418503,36.901676177978516,1668300,0.0,0.0
2011-08-16,36.54799913036024,36.70217363328714,35.67737763237798,36.0492057800293,1855100,0.0,0.0
2011-08-17,36.17616018147127,36.5207823855226,35.23298544382619,35.77712631225586,1311100,0.0,0.0
2011-08-18,34.87024101374143,34.87024101374143,33.22875381297406,33.74568557739258,1768200,0.0,0.0
2011-08-19,33.22873237820834,34.62535571709167,33.15618235854106,33.49173355102539,1514000,0.0,0.0
2011-08-22,34.208193877647716,34.38050325327362,33.72753558220056,34.03588104248047,1370400,0.0,0.0
2011-08-23,34.108422693439884,35.18762969970703,33.80007734028639,35.18762969970703,1229900,0.0,0.0
2011-08-24,35.01534132810862,35.71365338263281,34.67071903091204,35.41437530517578,826100,0.0,0.0
2011-08-25,35.68643789772686,35.84061236956938,34.752333986737234,34.87929916381836,719800,0.0,0.0
2011-08-26,34.54374293847979,35.74084795171728,33.90891368369237,35.71364212036133,752600,0.0,0.0
2011-08-29,36.1126673436877,36.78377318630566,35.86780454136251,36.702152252197266,728500,0.0,0.0
2011-08-30,36.62053618052299,37.318847940718044,36.27591402858007,37.046775817871094,667600,0.0,0.0
2011-08-31,37.16466935156064,37.63625659634645,36.14894484100524,36.448219299316406,1194700,0.0,0.0
2011-09-01,36.62961832282796,36.874481255839214,36.11268661742936,36.284996032714844,1301600,0.0,0.0
2011-09-02,35.568543638746746,35.813406534349596,34.67978393963728,34.87929916381836,1015400,0.0,0.0
2011-09-06,33.92705568028977,34.51654079257833,33.59150437275426,34.23540115356445,1132000,0.0,0.0
2011-09-07,34.85208013475873,35.28739063118917,34.643494071440415,35.25111389160156,1309300,0.0,0.0
2011-09-08,35.08789775199067,35.668315632376064,34.81582892466357,35.069759368896484,1133900,0.0,0.0
2011-09-09,34.69792076805566,35.069748861221406,34.12657743971875,34.50747299194336,1400800,0.0,0.0
2011-09-12,33.88170538516976,34.6344288273826,33.54615413789613,34.58908462524414,1015200,0.0,0.0
2011-09-13,34.7886168986609,35.976651374129624,34.69792499930382,35.86782455444336,1651500,0.0,0.0
2011-09-14,36.09453787115767,36.75657296232023,34.99719217729403,36.32126235961914,1351300,0.0,0.0
2011-09-15,36.54799726913589,36.892619558532175,35.92223874799238,36.27592849731445,1164100,0.0,0.0
2011-09-16,36.266857731275834,36.511717181914065,35.84061450323555,36.294063568115234,1636100,0.0,0.0
2011-09-19,35.66828536987305,35.88593886325103,35.078800527856195,35.66828536987305,800400,0.0,0.0
2011-09-20,35.731777881343675,35.93129306259843,34.389565973588816,34.434913635253906,1456400,0.0,0.0
2011-09-21,34.33515711143974,34.434916439962905,32.61204961404603,32.63018798828125,1467000,0.0,0.0
2011-09-22,31.768636640920835,33.23781392915628,31.215428293324436,32.28556823730469,1945600,0.0,0.0
2011-09-23,31.9953638373986,33.10178062563764,31.922813788413677,32.983882904052734,1182200,0.0,0.0
2011-09-26,33.156194502965384,33.890779721533825,32.793433893136395,33.81822967529297,836200,0.0,0.0
2011-09-27,34.480265278067954,35.7408530506713,33.91798943940104,34.725128173828125,1258400,0.0,0.0
2011-09-28,34.7523190776234,35.051596974814025,33.60962951457765,33.71845626831055,987200,0.0,0.0
2011-09-29,34.20818820881133,34.54373944659937,33.32849618212134,34.25353240966797,587800,0.0,0.0
2011-09-30,33.600560090785045,33.899838001250714,32.72993910322356,32.757144927978516,1182300,0.0,0.0
2011-10-03,32.73902427223794,34.18099257663423,32.11326574751584,32.403472900390625,1522900,0.0,0.0
2011-10-04,31.968152628655584,34.00867300920807,31.632601356969577,33.9451904296875,1536300,0.0,0.0
2011-10-05,33.92705256647294,34.389569004164585,33.11991393509387,33.96332931518555,1589200,0.0,0.0
2011-10-06,33.93612177725929,34.843019784684174,33.73660656811393,34.779537200927734,725700,0.0,0.0
2011-10-07,35.04253708002692,35.205778991729126,34.01774140312775,34.28074264526367,1090300,0.0,0.0
2011-10-10,34.679775052140535,35.11508560180664,34.2444610429337,35.11508560180664,921300,0.0,0.0
2011-10-11,34.82487218774728,35.45969779414521,34.516526839122534,35.169490814208984,985200,0.0,0.0
2011-10-12,35.740848029885726,36.40288311747703,35.50505608535585,35.72270965576172,2048600,0.0,0.0
2011-10-13,35.41437159959767,35.77713223864111,34.580026973156365,35.26926803588867,1448900,0.0,0.0
2011-10-14,36.41195672027864,38.38899467159954,36.30312646750659,38.34364700317383,2884100,0.0,0.0
2011-10-17,38.18946220912736,38.66104942220409,36.81097730772006,37.2281494140625,1629500,0.0,0.0
2011-10-18,37.51836195885182,38.52501909564037,36.98329210504262,38.171329498291016,1278600,0.0,0.0
2011-10-19,37.63626495934726,37.98995460664346,37.15561015246177,37.3460578918457,1344300,0.0,0.0
2011-10-20,37.48210837023355,37.81765977229894,36.847278868822094,37.76324462890625,921900,0.0,0.0
2011-10-21,38.28923013709531,38.76081745644728,37.862987020470456,38.72454071044922,1229100,0.0,0.0
2011-10-24,38.83337233765641,39.450063258460005,38.74268392087878,38.76082229614258,998600,0.0,0.0
2011-10-25,38.525024733684326,38.633851519670515,37.736024481087455,37.944610595703125,964800,0.0,0.0
2011-10-26,38.24388888907571,38.379924979613875,37.21002567151847,37.935546875,925400,0.0,0.0
2011-10-27,39.03290266060695,39.840041573366925,38.23483120841559,39.37752151489258,1315200,0.0,0.0
2011-10-28,39.3140191605675,39.89443667208119,39.18705401914097,39.6405029296875,913500,0.0,0.0
2011-10-31,38.479684034673674,39.45006465871083,37.999029181517365,38.37085723876953,1175100,0.0,0.0
2011-11-01,37.23723288482883,38.38899375253175,36.98329909398151,37.85392379760742,964900,0.0,0.0
2011-11-02,38.416203817503096,38.68827255380989,37.76323608273345,38.32551193237305,502100,0.0,0.0
2011-11-03,38.50689067852697,38.924062954550145,37.71789033743246,38.85151290893555,828800,0.0,0.0
2011-11-04,38.461533247129864,38.67011931344382,37.80856576333636,38.04436111450195,1346100,0.0,0.0
2011-11-07,37.91740322486015,38.16226607804489,37.191882122294544,37.73602294921875,847900,0.0,0.0
2011-11-08,37.91739726775959,38.969398549753414,37.50022166146341,38.82429504394531,996900,0.0,0.0
2011-11-09,37.90834404363393,38.162277891958716,37.06492844141472,37.44582748413086,622900,0.0,0.0
2011-11-10,37.89019699001744,37.97181794766037,37.21002349617342,37.418609619140625,617200,0.0,0.0
2011-11-11,37.89019863888221,39.06009792949425,37.7632334680328,38.9603385925293,836700,0.0,0.0
2011-11-14,38.652003927713565,38.97848786375322,38.12600472151598,38.334590911865234,544000,0.0,0.0
2011-11-15,38.14413784915139,39.07824184675389,38.08972271412469,38.87872314453125,585900,0.0,0.0
2011-11-16,38.47969810885119,39.22335449535225,38.33459450805934,38.63386917114258,1348600,0.0,0.0
2011-11-17,38.53377836933455,40.289448882573815,38.397325926700084,39.64358139038086,2279000,0.13,0.0
2011-11-18,39.934693079086195,39.97107740460292,39.28882185179483,39.58901596069336,1271100,0.0,0.0
2011-11-21,39.04319646890872,39.90738724280058,38.41552281804243,39.73455047607422,1542800,0.0,0.0
2011-11-22,39.66178545374294,40.00746254923012,39.35249615149251,39.952880859375,1537200,0.0,0.0
2011-11-23,39.55262167321239,39.63449246491703,38.7430124386502,39.07049560546875,1148100,0.0,0.0
2011-11-25,39.06139038622411,39.552615054247546,38.77939373875624,38.888553619384766,354400,0.0,0.0
2011-11-28,39.91649285115836,40.1621052276349,39.45255720554801,39.825523376464844,749800,0.0,0.0
2011-11-29,39.91649692717506,40.68971845530789,39.670884525618156,40.498687744140625,1037300,0.0,0.0
2011-11-30,41.08087145775402,41.63577306864143,40.92622856691937,41.59029006958008,1592900,0.0,0.0
2011-12-01,41.68124986417184,41.68124986417184,41.21731779058575,41.36286544799805,770900,0.0,0.0
2011-12-02,41.663068234608254,42.27255161510656,41.4356497360895,41.56300354003906,927300,0.0,0.0
2011-12-05,42.20887343101958,42.38171023539672,41.50842406044258,41.872291564941406,850700,0.0,0.0
2011-12-06,41.854096844745115,41.99964453770377,41.24461696489659,41.41745376586914,819800,0.0,0.0
2011-12-07,41.080866781072324,41.2537035458817,40.607836010397726,41.13544845581055,978000,0.0,0.0
2011-12-08,40.60783749373308,40.85344983383188,39.980163826900665,40.062034606933594,916400,0.0,0.0
2011-12-09,40.2712665215528,40.771586504233795,40.08933103599678,40.698814392089844,740900,0.0,0.0
2011-12-12,40.371330021093975,40.4259082360591,40.016557743298016,40.289459228515625,433200,0.0,0.0
2011-12-13,40.47139451352643,40.79887421212985,39.28881563306881,39.48894500732422,592000,0.0,0.0
2011-12-14,39.26152072358627,39.50713306383983,38.761200832016485,38.8339729309082,666500,0.0,0.0
2011-12-15,39.34338821950309,39.72544951458507,39.12506500079207,39.37977600097656,1054900,0.0,0.0
2011-12-16,39.725456236157754,40.8898411494148,39.64358891918519,40.44409942626953,1808000,0.0,0.0
2011-12-19,40.844366143228264,41.16275067197564,39.47075638747566,39.59811019897461,468300,0.0,0.0
2011-12-20,40.27125922221375,41.390157570901636,40.27125922221375,40.780677795410156,659700,0.0,0.0
2011-12-21,40.68971301071567,40.90803627292995,40.22578084993982,40.85345458984375,588800,0.0,0.0
2011-12-22,41.10816745835581,41.39016765204546,40.69881692801179,41.00810623168945,389300,0.0,0.0
2011-12-23,41.03539142024936,41.362874589334375,40.9262315205979,41.089969635009766,409000,0.0,0.0
2011-12-27,41.09907220080959,41.544810524078244,40.54417049744451,41.34468460083008,205400,0.0,0.0
2011-12-28,41.390172293904044,41.59030170994298,40.644239796107925,40.87165832519531,444900,0.0,0.0
2011-12-29,41.044487585779414,41.517518455427734,40.78068477800672,41.41745376586914,411300,0.0,0.0
2011-12-30,41.42655608246263,41.46294387642683,40.99900817871094,40.99900817871094,384400,0.0,0.0
2012-01-03,41.85410387307987,42.145202778010585,41.0172053655644,41.17184829711914,771500,0.0,0.0
2012-01-04,41.1627456946913,41.508422762769506,40.707908725689194,41.25371170043945,452100,0.0,0.0
2012-01-05,40.38043389076254,40.70791713128553,39.97107984010881,40.234886169433594,1476800,0.0,0.0
2012-01-06,40.289462006004335,40.79887722149394,40.171203415209575,40.68062210083008,701400,0.0,0.0
2012-01-09,40.69880961993394,41.07177576003265,40.60784015275721,41.04448318481445,446400,0.0,0.0
2012-01-10,41.59029485622771,41.91777803936821,41.19913477304664,41.872291564941406,687300,0.0,0.0
2012-01-11,41.617570719295934,42.3453089668096,41.617570719295934,42.31801986694336,660200,0.0,0.0
2012-01-12,42.354416522798374,43.20041349723876,42.272545735912836,43.063961029052734,1113600,0.0,0.0
2012-01-13,42.94570354787032,43.40054049322831,42.56364217943225,43.26409149169922,1117800,0.0,0.0
2012-01-17,43.04578761995515,43.70984944287199,42.93662767553744,43.427852630615234,871400,0.0,0.0
2012-01-18,43.600672809476684,43.94634988297244,43.40054342953744,43.818992614746094,845500,0.0,0.0
2012-01-19,43.93724712868096,44.50124395518271,43.73712123741735,44.45576095581055,855200,0.0,0.0
2012-01-20,44.55582315059741,44.55582315059741,44.11918013475157,44.401180267333984,702700,0.0,0.0
2012-01-23,44.091892490082394,44.24653537846437,43.50060310127172,44.173763275146484,968500,0.0,0.0
2012-01-24,43.78261398970772,44.146481535869775,43.491518564725595,44.137386322021484,697300,0.0,0.0
2012-01-25,44.21016087738338,44.51035500287348,43.85538852553609,44.23745346069336,1306300,0.0,0.0
2012-01-26,44.63769544479846,45.4745971894459,44.337504879419185,44.846920013427734,1496500,0.0,0.0
2012-01-27,45.94764169001966,47.212091725727305,45.67474012775885,46.22054672241211,2706700,0.0,0.0
2012-01-30,46.147753067398924,46.28420553021099,45.529174584210075,46.16594696044922,814000,0.0,0.0
2012-01-31,46.229639418367,46.66628258821784,45.64744852523255,46.45705795288086,1511400,0.0,0.0
2012-02-01,46.89368242729799,47.20297164973559,46.438845539603285,46.957359313964844,1171700,0.0,0.0
2012-02-02,47.13930892892351,47.13930892892351,46.447958178726665,46.54801940917969,1197000,0.0,0.0
2012-02-03,47.04834161635922,47.475886047810526,46.73905230949497,46.85730743408203,866900,0.0,0.0
2012-02-06,46.59351364268905,47.30305840837249,46.42977200904953,47.221187591552734,1074500,0.0,0.0
2012-02-07,47.2575673002923,47.91253025256681,46.93917930267576,47.64872741699219,1100500,0.0,0.0
2012-02-08,47.64873557607055,47.83067111012909,46.957381240674444,47.221187591552734,755700,0.0,0.0
2012-02-09,47.30306212009294,48.23093029347982,47.26667431639966,48.021705627441406,979700,0.0,0.0
2012-02-10,47.410586057709246,47.711578369140625,47.01838585276671,47.711578369140625,1062400,0.14,0.0
2012-02-13,48.00345587740854,48.25884080567997,47.63861728328476,47.69334411621094,850100,0.0,0.0
2012-02-14,47.48355070585454,47.693331624756034,47.00926204945899,47.173439025878906,840800,0.0,0.0
2012-02-15,47.41970577008089,47.437944564079444,46.48024782869267,46.70827102661133,863400,0.0,0.0
2012-02-16,46.82685428900789,47.79367411186963,46.607950440287986,47.729827880859375,571700,0.0,0.0
2012-02-17,47.84839232612137,47.875757478871776,46.94542231059791,47.20992660522461,634300,0.0,0.0
2012-02-21,47.2372899507453,47.3832246688506,46.589704856612904,46.8086051940918,738900,0.0,0.0
2012-02-22,46.80860374387708,47.091353773665176,46.361680205745266,46.47113037109375,904100,0.0,0.0
2012-02-23,46.48937820402592,46.48937820402592,45.87827412576359,45.98772430419922,1453700,0.0,0.0
2012-02-24,46.24311216725977,46.89981670976547,46.15190078680175,46.334320068359375,950700,0.0,0.0
2012-02-27,46.17014035355016,46.77212151181416,45.88739378911837,46.525856018066406,800100,0.0,0.0
2012-02-28,46.4346527290147,47.03663394700015,46.279598594989885,46.34344482421875,963800,0.0,0.0
2012-02-29,46.379917064911204,47.000140441598575,46.27046690413045,46.70827102661133,1055100,0.0,0.0
2012-03-01,46.77211367669725,47.80277942690809,46.76299428039344,47.51091003417969,850500,0.0,0.0
2012-03-02,46.64442255170067,46.817722400519244,46.19749905385403,46.40727996826172,858000,0.0,0.0
2012-03-05,46.41639551264603,46.799476244079784,46.0059531144518,46.73563003540039,498000,0.0,0.0
2012-03-06,46.3707835831771,46.471114316483956,45.869133395999654,46.0971565246582,637100,0.0,0.0
2012-03-07,46.21573830261771,46.21573830261771,45.58639555318987,46.06068420410156,767200,0.0,0.0
2012-03-08,46.133653547529974,47.06398510244063,45.942111423299885,46.69915008544922,940400,0.0,0.0
2012-03-09,46.79949268723904,47.69334340216536,46.56234656080143,47.565650939941406,728800,0.0,0.0
2012-03-12,47.70245130586959,48.11289374936607,47.4561858397717,47.647727966308594,558800,0.0,0.0
2012-03-13,47.89399808403137,48.59631005561095,47.53828239906369,48.578067779541016,675700,0.0,0.0
2012-03-14,48.66016259472498,48.787858543780146,47.802796384364825,48.158512115478516,547800,0.0,0.0
2012-03-15,48.24059314140901,50.10126350082893,48.20410859019882,49.84587860107422,1084400,0.0,0.0
2012-03-16,50.0374038997795,50.0374038997795,49.29860759238225,49.83674240112305,1167700,0.0,0.0
2012-03-19,49.70906032718365,50.000929760847825,49.44455256562609,49.56312561035156,445200,0.0,0.0
2012-03-20,49.180042688939,49.280373454825686,48.73311916008113,48.85169219970703,634600,0.0,0.0
2012-03-21,48.988505118176505,49.38070531385685,48.70575856735442,49.12532043457031,567500,0.0,0.0
2012-03-22,48.64191961745626,48.95202788616206,48.158507978810974,48.89730453491211,661300,0.0,0.0
2012-03-23,48.9976372202549,49.09796800725301,48.167632726941484,48.970272064208984,433400,0.0,0.0
2012-03-26,49.44454569062967,49.772899627685554,48.96113766071829,49.77289962768555,690900,0.0,0.0
2012-03-27,50.14685707300988,50.283672372057026,49.43542586842294,50.03740692138672,779200,0.0,0.0
2012-03-28,50.09212416750646,50.29278565388458,49.44453925337712,50.0465202331543,771400,0.0,0.0
2012-03-29,49.77290907577278,50.201593850454536,49.307743229549104,50.092140197753906,689300,0.0,0.0
2012-03-30,50.402250532523546,50.438735082418184,49.54488448614869,49.59048843383789,727600,0.0,0.0
2012-04-02,49.608742922692706,50.66677077462135,49.490169846020976,50.27457046508789,641100,0.0,0.0
2012-04-03,50.39311713406919,50.8309211730957,50.10124777471818,50.8309211730957,595100,0.0,0.0
2012-04-04,50.48434620466869,51.022481214337766,50.34753434215811,50.82182312011719,942300,0.0,0.0
2012-04-05,50.730603340153365,51.159288093025765,50.48433785314314,51.00423049926758,657600,0.0,0.0
2012-04-09,50.283683808623536,50.63027661415253,49.864118419819505,50.201595306396484,628500,0.0,0.0
2012-04-10,50.19245762131059,50.24718443310297,49.29860723817908,49.52663040161133,1151500,0.0,0.0
2012-04-11,50.00093010461616,50.14686482245158,49.47191805722205,49.70906066894531,1210400,0.0,0.0
2012-04-12,49.59961200899724,51.01335528340702,49.37158878798411,50.93126678466797,1191000,0.0,0.0
2012-04-13,50.393128412110464,51.74302537105671,50.20158975454927,51.07719802856445,1516900,0.0,0.0
2012-04-16,51.387303477989605,52.1625808906128,50.94949939422335,51.907196044921875,1281500,0.0,0.0
2012-04-17,52.19907197090739,52.3814912318268,51.797752380371094,51.797752380371094,776500,0.0,0.0
2012-04-18,51.45114557235533,51.67004933640083,51.104549395682156,51.26872634887695,866200,0.0,0.0
2012-04-19,51.36907728475,51.36907728475,49.97357611349383,50.51171112060547,1086800,0.0,0.0
2012-04-20,50.785322554213,51.3781842095931,50.42960695272797,51.08631134033203,1093200,0.0,0.0
2012-04-23,50.22894058235146,50.6120212941321,49.8002559351905,50.56641387939453,566300,0.0,0.0
2012-04-24,50.757949829101555,51.022454014023694,50.48431929123681,50.75794982910156,432700,0.0,0.0
2012-04-25,51.086320848314905,51.4694016684592,50.84005883172856,51.09544372558594,487900,0.0,0.0
2012-04-26,50.81268620426695,50.81268620426695,49.74553935818569,50.520816802978516,708800,0.0,0.0
2012-04-27,50.5573050987731,50.95862468547875,50.219831730876116,50.767086029052734,866400,0.0,0.0
2012-04-30,50.63939173779371,50.803568717108625,50.29279550597799,50.447853088378906,522600,0.0,0.0
2012-05-01,50.402250935614575,51.232255315885496,50.16510831811926,50.703243255615234,776100,0.0,0.0
2012-05-02,50.27456177127145,52.32677088189112,50.27456177127145,52.08050537109375,831700,0.0,0.0
2012-05-03,52.226431747217646,52.36324705778232,51.569727302837705,51.78862762451172,972800,0.0,0.0
2012-05-04,51.642678002348006,51.642678002348006,51.02245480446455,51.04981994628906,528700,0.0,0.0
2012-05-07,50.712370357784124,51.57885941987982,50.62116244781984,51.34171676635742,508200,0.0,0.0
2012-05-08,50.97686038907229,51.34169886040571,50.50257176808186,51.28697204589844,687200,0.0,0.0
2012-05-09,50.76579299581034,50.96695539381026,50.25374484092085,50.74750518798828,616200,0.14,0.0
2012-05-10,51.12237782314542,51.21381334075781,50.29030205592361,50.500606536865234,302000,0.0,0.0
2012-05-11,50.10743661616536,50.79321358670059,49.98856763128748,50.528045654296875,459900,0.0,0.0
2012-05-14,50.1988824335257,50.45490475434164,49.71426427021227,50.23545455932617,435200,0.0,0.0
2012-05-15,50.326893357571834,51.32355615783629,49.705121877331116,50.829795837402344,639600,0.0,0.0
2012-05-16,50.89379034398742,51.30525718815665,50.50975694812396,50.601192474365234,777200,0.0,0.0
2012-05-17,50.50061402498813,50.68348857537057,47.43747838623961,47.67521286010742,1728800,0.0,0.0
2012-05-18,47.87638839024018,49.01020463616974,47.73923156769638,48.06840515136719,1067100,0.0,0.0
2012-05-21,48.23297900818154,49.57710295169196,47.92209331675878,49.54052734375,735000,0.0,0.0
2012-05-22,49.76912428592094,50.18059119339702,49.33936957277455,49.659400939941406,865700,0.0,0.0
2012-05-23,49.348510921941994,50.92122370415761,49.05591303278365,50.65605926513672,1041200,0.0,0.0
2012-05-24,50.85722141225589,51.890459736974336,50.61948692000568,51.826454162597656,1166500,0.0,0.0
2012-05-25,51.71673629195783,51.945328649791385,51.25955157629073,51.835601806640625,922500,0.0,0.0
2012-05-29,52.06419469083544,52.9602763240371,52.02762256412469,52.54881286621094,748400,0.0,0.0
2012-05-30,52.26534688493381,52.26534688493381,51.5612821345138,51.8630256652832,518100,0.0,0.0
2012-05-31,51.771599901456185,52.42994705493539,51.11325623601979,52.23793029785156,800800,0.0,0.0
2012-06-01,50.701776074191095,51.19553631084062,49.69596779715962,49.97942352294922,1023900,0.0,0.0
2012-06-04,50.19888499449007,50.217169314301856,48.4615816167845,49.26622772216797,997800,0.0,0.0
2012-06-05,48.93705294609875,49.659405642286366,48.73589055271926,49.37594985961914,703200,0.0,0.0
2012-06-06,49.833135400924206,50.573775916706694,49.71426639487556,50.40004348754883,941800,0.0,0.0
2012-06-07,50.74749866395052,51.104102150529364,50.02514604403623,50.08000946044922,806300,0.0,0.0
2012-06-08,49.84226946772178,50.966946786566396,49.73254612736209,50.646915435791016,864200,0.0,0.0
2012-06-11,51.14067020839627,51.43326807663334,50.7474911689449,50.81149673461914,791100,0.0,0.0
2012-06-12,50.902938953784805,51.69844278269627,50.79321561077853,51.4607048034668,649600,0.0,0.0
2012-06-13,51.515565450984894,52.39335912395429,50.957799631272465,51.94532012939453,1324300,0.0,0.0
2012-06-14,51.89047251654118,53.024292305386055,51.59787453646052,52.60367965698242,827400,0.0,0.0
2012-06-15,53.00599492691677,53.94779428728391,52.85969596328651,53.53632736206055,1249800,0.0,0.0
2012-06-18,53.44489336409516,55.56623014213044,53.22544316827934,55.429073333740234,1278300,0.0,0.0
2012-06-19,55.52966495396618,55.94113196834806,55.06333799636217,55.17306137084961,1318400,0.0,0.0
2012-06-20,55.209614833415706,55.2279026364977,53.90206656140826,54.139801025390625,1288700,0.0,0.0
2012-06-21,54.12152765080743,54.340977858253794,52.57624450285372,52.731685638427734,1186000,0.0,0.0
2012-06-22,52.740827745183545,52.93284448377959,51.97275730275689,52.34764862060547,1335700,0.0,0.0
2012-06-25,51.95446352093558,52.237919260579936,51.00351860862108,52.00932693481445,750600,0.0,0.0
2012-06-26,52.28364132438423,52.4939458628046,51.54300087234889,52.128196716308594,723300,0.0,0.0
2012-06-27,52.63110179320019,52.649389599026385,51.86303138871143,52.411651611328125,555700,0.0,0.0
2012-06-28,51.96360513801037,52.850540921338805,51.51556267951273,52.79568099975586,670600,0.0,0.0
2012-06-29,53.60948200179681,54.532993614514915,53.554618578925805,54.49641799926758,926200,0.0,0.0
2012-07-02,54.7798765573105,54.7798765573105,53.46318573416368,54.06666946411133,622200,0.0,0.0
2012-07-03,53.94779205322266,54.14895442789973,53.554612950740534,53.947792053222656,341000,0.0,0.0
2012-07-05,53.67347788398561,54.93530847762546,53.67347788398561,54.73414611816406,674500,0.0,0.0
2012-07-06,54.212952874375205,54.53298071196394,53.42659477282366,53.700904846191406,513800,0.0,0.0
2012-07-09,53.71005735913846,54.79815563410439,53.51803714399201,54.54213333129883,788000,0.0,0.0
2012-07-10,54.926165223640716,55.03588856628843,53.3717366692891,53.72834014892578,948000,0.0,0.0
2012-07-11,53.655198956736776,53.81978573479151,52.91455845549046,53.47232437133789,915400,0.0,0.0
2012-07-12,53.289459864653836,53.44490451245727,52.20136128220279,53.042579650878906,1191400,0.0,0.0
2012-07-13,53.30773387383266,54.49641336392356,53.12485930119352,54.030086517333984,702600,0.0,0.0
2012-07-16,53.94779273369843,53.99351050450835,53.25287354847755,53.335166931152344,1079600,0.0,0.0
2012-07-17,50.29946032665919,51.433279943712634,48.75417726049007,50.42747497558594,6117000,0.0,0.0
2012-07-18,50.13486800516575,50.784069340111984,49.78740671106473,50.17144012451172,2023400,0.0,0.0
2012-07-19,50.189742131602245,50.90294923728965,49.99772537053915,50.47319793701172,1024600,0.0,0.0
2012-07-20,49.970287747843344,50.518907977723856,49.45823964205714,49.741695404052734,1238200,0.0,0.0
2012-07-23,48.84560517522205,49.66853892095427,48.470713910620034,49.48566436767578,868500,0.0,0.0
2012-07-24,49.375935060373244,49.54052178961781,48.39756032988695,48.955326080322266,1290900,0.0,0.0
2012-07-25,48.863907322499045,49.13822097695775,48.388434739625104,49.019351959228516,959000,0.0,0.0
2012-07-26,49.56796631819904,50.08915661798865,49.39423738095004,49.75998306274414,1360200,0.0,0.0
2012-07-27,49.96113874280708,51.08581258010036,49.96113874280708,50.6103401184082,845800,0.0,0.0
2012-07-30,50.5829180765369,51.66187431471959,50.21716889856076,50.40004348754883,779500,0.0,0.0
2012-07-31,50.42747419365933,51.040100022118004,50.116588455742885,50.3086051940918,822500,0.0,0.0
2012-08-01,50.44610942180068,50.65695045999788,48.713543219142295,49.30023193359375,1237800,0.14,0.0
2012-08-02,49.12605484483294,49.99692234716384,48.86021045519526,49.951087951660156,761400,0.0,0.0
2012-08-03,50.41861153369063,50.62028709884642,50.180270545094366,50.253604888916016,578400,0.0,0.0
2012-08-06,50.25359208755037,50.74861189577516,49.85024455692638,50.01525115966797,422800,0.0,0.0
2012-08-07,50.198590085350446,50.82194760221891,50.18025912627189,50.684444427490234,517800,0.0,0.0
2012-08-08,50.4186065491824,50.57444419998485,50.23526546234275,50.473609924316406,762700,0.0,0.0
2012-08-09,50.49194635713328,50.58361515566754,50.0427608516582,50.207767486572266,473800,0.0,0.0
2012-08-10,50.134437391827994,50.40945082377868,49.86859643625194,50.33611297607422,341100,0.0,0.0
2012-08-13,50.134424288149425,50.40943764821962,49.88691436225033,50.19859313964844,528900,0.0,0.0
2012-08-14,50.409439453798555,50.81278703437385,50.40027047643306,50.565277099609375,706400,0.0,0.0
2012-08-15,50.546945729524396,51.33530997798246,50.41860801408992,51.17030334472656,987900,0.0,0.0
2012-08-16,51.33531086253212,51.417814180581665,50.80362203578158,51.02363204956055,689300,0.0,0.0
2012-08-17,51.11530845317473,51.19781178349829,50.63862643012864,50.794464111328125,735100,0.0,0.0
2012-08-20,50.78528206388804,50.840281934870085,49.84107681439732,50.024417877197266,829500,0.0,0.0
2012-08-21,49.74941751649041,49.914424154775865,49.0893909633486,49.85942077636719,2029500,0.0,0.0
2012-08-22,49.859416898420086,50.226099065410445,49.71274473101201,49.96025466918945,765200,0.0,0.0
2012-08-23,49.87774931537049,50.161928158005885,49.520236140502185,49.99692153930664,696900,0.0,0.0
2012-08-24,50.02443765814482,50.14360992062954,49.584421031595035,49.85026550292969,514700,0.0,0.0
2012-08-27,49.9327593074965,49.960259248612346,48.47520298036578,48.69520950317383,1527400,0.0,0.0
2012-08-28,48.55769655239661,49.16271961406758,48.475193248671474,48.93354415893555,898800,0.0,0.0
2012-08-29,49.02523244293416,49.34608030590633,48.676884633428294,48.7593879699707,819000,0.0,0.0
2012-08-30,48.61269515526493,49.00687720756289,47.99850663006663,48.06267547607422,1150400,0.0,0.0
2012-08-31,48.4201898644315,48.61269640741278,47.485153588171094,48.071842193603516,1162200,0.0,0.0
2012-09-04,48.145187243232044,48.557703823629645,47.164316428142435,48.34686279296875,1103700,0.0,0.0
2012-09-05,48.154347448708826,48.319354062790914,47.06347349733506,47.11847686767578,1321300,0.0,0.0
2012-09-06,47.219327822165994,48.20020237338572,47.210162339006764,47.71434783935547,1327300,0.0,0.0
2012-09-07,47.741842207498905,47.85184546920568,47.255987765824415,47.347660064697266,1257600,0.0,0.0
2012-09-10,47.384326842804555,47.98935004491037,47.14598585279834,47.81517791748047,1109500,0.0,0.0
2012-09-11,47.72349250795356,48.3285154995469,47.558485919615414,47.576820373535156,869300,0.0,0.0
2012-09-12,48.090178627913765,48.72270514792937,47.549324391855535,48.566864013671875,1879200,0.0,0.0
2012-09-13,48.475192961480516,48.731868350686945,48.044341989364085,48.145179748535156,1102800,0.0,0.0
2012-09-14,46.94431214461823,48.54854076640688,46.7518055492694,47.980186462402344,1629400,0.0,0.0
2012-09-17,47.74184248555191,48.108521192356946,47.5309979453867,47.60433578491211,781100,0.0,0.0
2012-09-18,47.4118340659144,47.54017180131035,46.97181747443926,47.2559928894043,948900,0.0,0.0
2012-09-19,47.14598450411764,47.760173170332834,46.78847128086514,47.347660064697266,569000,0.0,0.0
2012-09-20,47.03597404833145,47.1459772932134,46.34844764817407,47.07263946533203,1076200,0.0,0.0
2012-09-21,47.50349766752808,47.68683876810217,46.77013676217235,46.78847122192383,1272100,0.0,0.0
2012-09-24,46.605132459663515,47.67767218188231,46.605132459663515,47.56766891479492,822000,0.0,0.0
2012-09-25,47.56765016591918,48.154338688395285,46.80678958112656,46.93512725830078,978000,0.0,0.0
2012-09-26,47.08180409480316,48.154343501480255,46.81595973869114,48.00767135620117,1194100,0.0,0.0
2012-09-27,48.08100915548022,48.64019780189652,47.72349602008351,48.53936004638672,848100,0.0,0.0
2012-09-28,48.264346841011665,48.3376811600272,47.5493171232078,47.70515823364258,1185300,0.0,0.0
2012-10-01,47.613499642023974,48.42936734267738,47.18265208880312,47.69600296020508,1106300,0.0,0.0
2012-10-02,47.897670582337575,47.94350497441594,47.439319667674056,47.76933288574219,653300,0.0,0.0
2012-10-03,47.97102102102626,49.18106747416021,47.641007716182294,49.09856414794922,1232800,0.0,0.0
2012-10-04,49.22689874509743,49.749418612196074,48.942719862471236,49.74024963378906,1047300,0.0,0.0
2012-10-05,50.10693922972567,50.86780369048888,50.024435896594014,50.601959228515625,1304200,0.0,0.0
2012-10-08,50.207768649121746,50.74862296565444,50.07943092942595,50.64778518676758,988400,0.0,0.0
2012-10-09,50.6752832038769,50.98696200999521,49.98775673422833,50.15276336669922,1014300,0.0,0.0
2012-10-10,50.29027293043709,50.65695163701879,49.84108740596924,50.07026290893555,1589500,0.0,0.0
2012-10-11,50.56526814424668,50.96861565338711,50.01524849569704,50.22608947753906,1122700,0.0,0.0
2012-10-12,53.16871007091206,54.51626297966122,52.72869357961321,53.50788879394531,3990300,0.0,0.0
2012-10-15,53.35204932698799,53.892903568073216,52.74702623500621,53.57205581665039,946300,0.0,0.0
2012-10-16,53.608731340325974,54.01207895239834,53.15954932866774,53.590396881103516,819300,0.0,0.0
2012-10-17,53.636239687688324,53.993756453152905,53.44373308108968,53.87458419799805,770500,0.0,0.0
2012-10-18,53.71873349482927,53.98457790268108,53.2328825747101,53.379554748535156,765300,0.0,0.0
2012-10-19,53.05870498020359,53.407049171466895,52.37117858074272,52.55451965332031,619800,0.0,0.0
2012-10-22,52.53620168405063,52.6828738887555,52.05034716470101,52.56370162963867,626900,0.0,0.0
2012-10-23,52.55452289638979,53.29704921558618,52.197006209178575,52.95787048339844,675600,0.0,0.0
2012-10-24,53.08620536950513,53.205377592237035,52.0778347071463,52.17866897583008,739700,0.0,0.0
2012-10-25,52.52702052412815,52.59118938024807,51.83949406832296,52.50868606567383,639500,0.0,0.0
2012-10-26,52.27034012589978,52.76535996624193,51.94949237888984,52.398677825927734,825600,0.0,0.0
2012-10-31,52.701200935346876,53.87457840786816,50.977800149875726,53.81040954589844,1357800,0.0,0.0
2012-11-01,53.38872117389054,53.99374429911005,53.14121123671797,53.71873092651367,1370700,0.0,0.0
2012-11-02,54.06707738879724,54.20458407192843,53.709564208984375,53.709564208984375,1090500,0.0,0.0
2012-11-05,53.76457024462504,54.103748983690835,53.278715837919556,53.9295768737793,566400,0.0,0.0
2012-11-06,54.012067707435115,55.616295837534246,53.874564537304785,54.910438537597656,1151100,0.0,0.0
2012-11-07,54.22293393073893,54.90129156794893,54.01208935753292,54.49794387817383,959700,0.0,0.0
2012-11-08,54.56209850839134,54.681270736720414,53.52622436324844,53.71873092651367,699000,0.0,0.0
2012-11-09,53.50789064755717,54.14041721697509,53.12287751568568,53.77373504638672,536300,0.0,0.0
2012-11-12,53.78289242562689,55.15794511279643,53.627054799612125,55.03877639770508,916600,0.0,0.0
2012-11-13,54.69044004002642,55.579642080510794,54.62627118111935,55.139625549316406,842400,0.0,0.0
2012-11-14,55.31419947072388,55.63579224757815,54.367791360798584,54.808837890625,1879800,0.14,0.0
2012-11-15,54.55155796016503,55.16718290039851,53.981877847710315,54.303470611572266,1178700,0.0,0.0
2012-11-16,54.27590892040791,54.82721182716302,53.43976419227356,54.505619049072266,1008600,0.0,0.0
2012-11-19,54.928281573791224,55.47958795281624,54.432110389296355,54.799644470214844,926700,0.0,0.0
2012-11-20,54.45050072795708,55.203953359694715,54.45050072795708,54.59751510620117,867300,0.0,0.0
2012-11-21,54.46885101031271,54.46885101031271,53.36624547163883,54.37696838378906,1093800,0.0,0.0
2012-11-23,54.7353460429833,54.93749214012539,54.16566572979134,54.79047775268555,249900,0.0,0.0
2012-11-26,54.321841860184286,55.130422369700625,54.20239513538706,55.00178527832031,755700,0.0,0.0
2012-11-27,54.81802893324414,55.57147792940728,54.422927202927056,55.13962173461914,608500,0.0,0.0
2012-11-28,54.799656027053544,55.31420805497244,54.3310488358998,54.909915924072266,929400,0.0,0.0
2012-11-29,55.130431855731004,55.130431855731004,54.45048832060033,54.98341751098633,831200,0.0,0.0
2012-11-30,54.97424439382539,55.130445640693,54.16566354300074,54.625083923339844,999700,0.0,0.0
2012-12-03,54.7812693816643,55.130429751518115,53.550022977009796,53.91756057739258,841500,0.0,0.0
2012-12-04,53.96349998897763,54.13807841516921,53.173296629724206,53.41219711303711,880000,0.0,0.0
2012-12-05,53.467330954614695,54.20240620710669,52.667940648393014,53.99106979370117,648600,0.0,0.0
2012-12-06,53.981883858807734,54.18402990722972,53.61434622624022,53.94512939453125,547400,0.0,0.0
2012-12-07,54.24834822071526,54.266725452770004,53.50408609544161,53.724609375,487700,0.0,0.0
2012-12-10,53.78892256129623,54.092138097162795,53.51327111820892,53.88999557495117,759400,0.0,0.0
2012-12-11,54.193212157223755,54.68019649958437,53.84405178651888,54.0278205871582,577300,0.0,0.0
2012-12-12,54.165665051085846,54.34943390935786,52.66795358805312,52.77821350097656,924600,0.0,0.0
2012-12-13,52.97165809863396,53.708654378020725,51.9859249160275,52.197811126708984,984800,0.15,0.0
2012-12-14,52.10569542866602,53.10985410244505,51.98593241777238,52.3820686340332,724800,0.0,0.0
2012-12-17,52.51103369671365,53.28488064965729,52.437332313445026,52.971656799316406,875900,0.0,0.0
2012-12-18,52.83347123273503,54.16927900317071,52.83347123273503,53.91133117675781,1042700,0.0,0.0
2012-12-19,53.82842083041136,54.09558309706683,53.330946992006496,53.736297607421875,653700,0.0,0.0
2012-12-20,53.86527070451647,54.22455618868661,53.505985220346325,54.12321853637695,736200,0.0,0.0
2012-12-21,53.36779755833748,54.78651768032192,53.36779755833748,54.53778076171875,1118700,0.0,0.0
2012-12-24,54.26140989485035,54.436445431288924,53.87448461130741,54.344322204589844,248100,0.0,0.0
2012-12-26,54.35353836604838,54.81416157254032,53.92055142737759,54.00346374511719,577500,0.0,0.0
2012-12-27,53.92976549793986,54.23377498476275,53.54284017965709,54.021888732910156,682500,0.0,0.0
2012-12-28,53.86527791288546,54.73124826021431,53.70866419810061,53.874488830566406,577700,0.0,0.0
2012-12-31,53.68103193541906,55.03526536349097,53.65339566603844,55.007625579833984,1438800,0.0,0.0
2013-01-02,56.223669020988794,57.209402429110106,55.63407186259207,56.23288345336914,1135400,0.0,0.0
2013-01-03,56.325002110058925,56.711927410207075,55.77225569759127,56.435550689697266,519300,0.0,0.0
2013-01-04,56.6566393393053,57.264661669692686,56.37105176204939,57.0067138671875,514300,0.0,0.0
2013-01-07,55.320840314321295,56.72113512980805,55.320840314321295,56.58294677734375,753300,0.0,0.0
2013-01-08,56.656640683020505,56.76718924181955,55.91043000400746,56.500030517578125,623400,0.0,0.0
2013-01-09,56.730355138391744,56.886965339924416,56.389491439274515,56.509254455566406,466100,0.0,0.0
2013-01-10,57.06199209927583,57.117268140034426,56.43554436111405,56.56452178955078,432800,0.0,0.0
2013-01-11,56.647432875935664,56.77640678732456,55.91964750249772,56.085472106933594,504400,0.0,0.0
2013-01-14,56.14996310514394,56.398700029705566,55.47745372285915,55.98413848876953,685800,0.0,0.0
2013-01-15,55.92886566660191,56.417128627060926,55.827528004727846,56.103904724121094,818000,0.0,0.0
2013-01-16,56.168394270725315,56.55531607282448,55.95650801991727,56.509254455566406,406400,0.0,0.0
2013-01-17,56.83168726403293,58.2411965989446,56.739564032801894,57.835845947265625,947100,0.0,0.0
2013-01-18,57.780575312687354,58.2504094302442,57.448926046517286,58.11222457885742,476400,0.0,0.0
2013-01-22,57.86349198083323,58.840010988799285,57.86349198083323,58.69261169433594,666200,0.0,0.0
2013-01-23,58.572843808276176,59.07031767380948,58.20434386767168,58.4622917175293,671700,0.0,0.0
2013-01-24,59.38353856899636,63.17907604155211,58.89527913060182,62.24861526489258,2893200,0.0,0.0
2013-01-25,62.27625728633388,62.543419594563325,61.25367318635487,62.23940658569336,1278600,0.0,0.0
2013-01-28,62.184119094919964,63.08694347211967,61.99987266457755,62.405216217041016,1094700,0.0,0.0
2013-01-29,61.97224693802607,62.90270784062609,61.603753972905814,62.72766876220703,937300,0.0,0.0
2013-01-30,62.875055440567714,62.875055440567714,61.65901069340866,61.898536682128906,580300,0.0,0.0
2013-01-31,61.576104226281544,62.32231856817433,61.34579263292432,61.97224044799805,610200,0.0,0.0
2013-02-01,62.36838247279863,62.930343375162224,61.88933740660563,62.49735641479492,644200,0.0,0.0
2013-02-04,62.257811926771446,62.9487464884752,61.852461401435974,61.90773391723633,589900,0.0,0.0
2013-02-05,62.02749850346799,63.2159067565692,61.72348561879218,62.902679443359375,719200,0.0,0.0
2013-02-06,62.469729169702525,63.11460600139289,62.41445662330616,62.95798873901367,450600,0.0,0.0
2013-02-07,62.58945915869917,63.142205385396345,62.29466070255737,62.902679443359375,453200,0.0,0.0
2013-02-08,63.03166266109861,63.952908851510045,62.92111761652165,63.63047409057617,499700,0.0,0.0
2013-02-11,63.66734550729106,64.11875431954589,62.718462746844956,62.93955993652344,449800,0.0,0.0
2013-02-12,62.88427453821173,63.48308604018105,61.68665153427307,61.84326171875,1007200,0.0,0.0
2013-02-13,62.25780600359343,62.48811750224962,61.26285864254689,61.6497802734375,825600,0.0,0.0
2013-02-14,61.695868538351945,62.368374430824375,61.4102844219775,62.101219177246094,452600,0.0,0.0
2013-02-15,62.1841228081196,63.261979249941376,61.530038804230706,61.53925323486328,785900,0.0,0.0
2013-02-19,61.70508821807629,62.34995789975566,61.373438945054794,62.29468536376953,619600,0.0,0.0
2013-02-20,62.07356169474912,62.386789033722685,61.133893734928776,61.24444580078125,558200,0.0,0.0
2013-02-21,61.31815439682234,62.06436871474759,60.36927178723592,60.848323822021484,500200,0.0,0.0
2013-02-22,61.170760601388224,62.11042880972279,60.96808527466555,61.97224044799805,397200,0.0,0.0
2013-02-25,62.11042879283241,62.414441782833755,60.82989689639865,60.839111328125,470300,0.0,0.0
2013-02-26,61.18918748533967,61.45634979910528,60.618019184956935,61.133914947509766,445600,0.0,0.0
2013-02-27,61.686640852989406,64.99391815912186,61.6405827629986,64.33061981201172,2085300,0.0,0.0
2013-02-28,64.30303864438457,64.57940850676209,63.61210344560633,64.17406463623047,1007200,0.0,0.0
2013-03-01,64.47799938926225,64.47799938926225,63.13298120166087,63.73179244995117,1140500,0.0,0.0
2013-03-04,63.565976670997415,64.28454745662337,63.28960004796458,64.12793731689453,776000,0.0,0.0
2013-03-05,64.27534972021708,64.96628442868182,64.2661423179945,64.6714859008789,777400,0.0,0.0
2013-03-06,64.99394030030923,66.19155647631094,64.1003301131721,64.20166778564453,784700,0.0,0.0
2013-03-07,64.48721696181248,64.56091832519199,63.29880883437607,63.768646240234375,817900,0.0,0.0
2013-03-08,64.10029970119432,64.993909464364,63.31724199060365,63.83313751220703,740000,0.0,0.0
2013-03-11,63.68575014510412,63.9897630916537,63.179068929405865,63.46465301513672,582700,0.0,0.0
2013-03-12,63.53834771937111,64.6254184511709,63.05929578817781,64.57935333251953,1142300,0.0,0.0
2013-03-13,64.61624979130788,68.6513082326381,64.61624979130788,68.5776138305664,2941100,0.0,0.0
2013-03-14,68.51307018470752,69.02896571540872,67.7576487168024,68.64204406738281,1165400,0.0,0.0
2013-03-15,67.81292528036755,68.24591206744742,66.91010101916382,68.17221069335938,1217900,0.0,0.0
2013-03-18,67.49049981328226,68.61442132238837,67.28782452101056,68.26434326171875,760300,0.0,0.0
2013-03-19,68.2919741819474,68.80787680243601,67.63789026258266,68.07087707519531,1013900,0.0,0.0
2013-03-20,68.02482939888591,68.85395254749085,67.79451780363743,68.78025817871094,619300,0.0,0.0
2013-03-21,68.5130998942236,69.11190445407037,67.90507387348056,68.14459991455078,687000,0.0,0.0
2013-03-22,68.46700428632097,69.09345186436654,67.98795944595643,68.39330291748047,737500,0.0,0.0
2013-03-25,69.60013899145935,69.76596355469803,67.28780953422796,67.89582824707031,902400,0.0,0.0
2013-03-26,68.17222612157543,68.66048553544552,67.21412912725144,67.80372619628906,689200,0.0,0.0
2013-03-27,67.61950133639957,68.0893390668558,66.76274172371055,68.04327392578125,373500,0.0,0.0
2013-03-28,68.01559904905649,68.71574100184588,67.56418341410708,68.61441040039062,626200,0.0,0.0
2013-04-01,68.57757646323711,69.04740701322804,67.08515493474738,67.63790130615234,481800,0.0,0.0
2013-04-02,68.01562350590073,68.66970760750392,67.4536626387321,67.55500030517578,529400,0.0,0.0
2013-04-03,67.90505342508833,68.33804024367623,66.56924930814944,66.96538543701172,524000,0.0,0.0
2013-04-04,67.25097570649552,67.26939753878416,66.03493094746531,66.75350189208984,527500,0.0,0.0
2013-04-05,66.18232738548777,67.74845023138552,65.6387954703849,67.61947631835938,647300,0.0,0.0
2013-04-08,67.84057198536762,68.40253274936364,67.48128651704897,68.02481842041016,772800,0.0,0.0
2013-04-09,68.08013185693925,68.36571608195446,67.389196838828,67.71163177490234,546000,0.0,0.0
2013-04-10,67.90506008524041,69.24087136174653,67.610261567072,68.97370910644531,767000,0.0,0.0
2013-04-11,68.95526806240345,69.22243027050214,68.03402197732511,68.37488555908203,1088900,0.0,0.0
2013-04-12,66.32972905108282,67.3338840755128,65.86910593267253,66.33894348144531,1373000,0.0,0.0
2013-04-15,66.32974857986895,66.7627355632227,64.93866438471295,65.08606719970703,1352500,0.0,0.0
2013-04-16,65.59272221511019,66.07177414286511,65.26107304314147,65.76776123046875,833600,0.0,0.0
2013-04-17,65.42692023076549,65.59274487403374,63.74104455751633,64.20166778564453,1312800,0.0,0.0
2013-04-18,64.4503820015619,64.78203118912033,63.60283720160173,63.934486389160156,767000,0.0,0.0
2013-04-19,64.03582733878284,64.56093740811339,63.64889858094643,64.48723602294922,1026300,0.0,0.0
2013-04-22,64.54252624486219,65.88754526442811,63.667344898856854,65.61117553710938,938300,0.0,0.0
2013-04-23,66.0809893557437,66.49554731134478,64.47801599603876,64.74517822265625,759900,0.0,0.0
2013-04-24,64.83730418267517,65.50981699249314,64.58857080447164,64.63463592529297,769800,0.0,0.0
2013-04-25,64.73599519329409,65.78622277875917,64.73599519329409,65.40850830078125,719200,0.0,0.0
2013-04-26,65.45456965349157,66.13629012692004,65.25189428958096,65.92440032958984,549200,0.0,0.0
2013-04-29,65.86911305836882,67.01145654761038,65.2518796997792,66.5416259765625,896800,0.0,0.0
2013-04-30,66.0349144260309,66.53238811597244,65.13209024164456,65.47295379638672,1048600,0.0,0.0
2013-05-01,65.42690585545466,65.46375654903457,63.71339428957143,63.962127685546875,815200,0.0,0.0
2013-05-02,64.26618792368964,64.88342168107803,63.971389186686515,64.17406463623047,529300,0.0,0.0
2013-05-03,64.78203396686514,65.61115697131261,64.55172241166034,65.05841064453125,658500,0.0,0.0
2013-05-06,64.96628505016159,66.76271952648572,64.85573999402257,66.15469360351562,792400,0.0,0.0
2013-05-07,66.45873365390976,67.42604546071549,66.45873365390976,67.28785705566406,587900,0.0,0.0
2013-05-08,67.10320803627971,67.50938581057687,66.76164289053766,67.11243438720703,541100,0.15,0.0
2013-05-09,66.78932800308424,67.06627344397386,65.73694659652789,66.33699035644531,729500,0.0,0.0
2013-05-10,66.38317555803023,66.55856783057345,65.81082471563272,66.2539291381836,685800,0.0,0.0
2013-05-13,66.27236755975125,66.90933781787685,66.15236163064684,66.28160095214844,652600,0.0,0.0
2013-05-14,66.58622174287268,67.20473215956555,66.2446637523702,67.07549285888672,767100,0.0,0.0
2013-05-15,67.1124398104439,68.7925584500757,66.92781417475464,68.3956069946289,790600,0.0,0.0
2013-05-16,68.38635490107397,68.99562490392131,68.21095568308108,68.72791290283203,768000,0.0,0.0
2013-05-17,68.84792432777084,69.18025597393493,68.25711407748217,69.12486267089844,552500,0.0,0.0
2013-05-20,69.19873307827109,69.8264700071093,69.06949374377635,69.57722473144531,502100,0.0,0.0
2013-05-21,69.56801347964091,70.71270811078182,69.5587800833767,70.07574462890625,794200,0.0,0.0
2013-05-22,70.2880474666856,71.26657595775802,69.15258648987819,69.51261138916016,832200,0.0,0.0
2013-05-23,68.99563649712378,69.94647170451009,68.64484504520911,69.84493255615234,429400,0.0,0.0
2013-05-24,69.66955563165365,69.66955563165365,68.70948672388441,69.03258514404297,286000,0.0,0.0
2013-05-28,69.51260265443624,70.4357447505482,69.13411101438301,69.5864486694336,650300,0.0,0.0
2013-05-29,69.09719601423348,69.33721497131398,68.14636062347387,68.5433120727539,429400,0.0,0.0
2013-05-30,68.80179816345725,69.18951625982228,68.54331943254724,68.58024597167969,385400,0.0,0.0
2013-05-31,68.24789486205421,68.71869929907845,67.62939135328651,67.99864959716797,749900,0.0,0.0
2013-06-03,67.37090220466439,67.72169360806916,66.22620112258002,67.23242950439453,797600,0.0,0.0
2013-06-04,67.34322628920464,67.61093839469369,65.80158037695554,66.23545837402344,751400,0.0,0.0
2013-06-05,65.89387197333193,66.43852940370448,64.41684621446342,64.98919677734375,664500,0.0,0.0
2013-06-06,65.09072836988868,65.81077782576537,64.37067891401198,65.76461791992188,755200,0.0,0.0
2013-06-07,65.92159321603984,67.78633751198008,65.70003399914302,67.72171783447266,595400,0.0,0.0
2013-06-10,67.77710258781792,68.09097461649769,67.27860492557346,67.44477081298828,395200,0.0,0.0
2013-06-11,66.7893342923592,67.65709018204554,66.34622999682867,66.697021484375,218700,0.0,0.0
2013-06-12,67.14936990457461,67.62017445645267,65.35847860583269,65.55233764648438,503100,0.0,0.0
2013-06-13,65.40461816820665,67.1770493584401,65.04459330278472,67.02935028076172,382300,0.0,0.0
2013-06-14,66.83548871881511,67.18628017749926,66.29083122339436,66.4754638671875,358700,0.0,0.0
2013-06-17,66.7893342923592,67.08473950371815,66.11544445536025,66.697021484375,581800,0.0,0.0
2013-06-18,66.75240949659437,67.41707300019188,66.49393081030999,67.11243438720703,274500,0.0,0.0
2013-06-19,67.26936389769216,67.73093492391837,66.89087227553951,66.94625854492188,336200,0.0,0.0
2013-06-20,66.3369955282566,66.46623486594356,65.1738344460582,65.35846710205078,548900,0.0,0.0
2013-06-21,65.55232759280594,65.82926601854169,64.09376127101046,64.32454681396484,980400,0.0,0.0
2013-06-24,63.41062596871596,63.86296357478118,62.745962604611854,63.33677291870117,645600,0.0,0.0
2013-06-25,63.973753579677314,64.49071092803328,63.724501255994504,63.90913391113281,608900,0.0,0.0
2013-06-26,64.63840772169867,65.44154389634366,64.2506897241523,64.97997283935547,627300,0.0,0.0
2013-06-27,65.43231589593812,66.31853155323341,64.99844498274354,65.87542724609375,369900,0.0,0.0
2013-06-28,65.98619182442557,66.79855423128006,65.80155920263067,66.68777465820312,852500,0.0,0.0
2013-07-01,67.12164812253418,68.23864899998168,66.85393612071412,67.8416976928711,741500,0.0,0.0
2013-07-02,67.60169982910156,68.2663562323149,67.39860743797442,67.60169982910156,489700,0.0,0.0
2013-07-03,66.95550496736924,68.14635929194088,66.9370452216544,67.66632843017578,312300,0.0,0.0
2013-07-05,67.89711826922616,69.23567177296341,67.83249859062539,69.02334594726562,439800,0.0,0.0
2013-07-08,69.44798513522582,69.93724933439995,69.11565340691595,69.36489868164062,498700,0.0,0.0
2013-07-09,69.64183672860706,70.97115645743463,69.45720409750967,70.42650604248047,611600,0.0,0.0
2013-07-10,70.19573513654105,70.84193187225362,69.74339742154224,70.67576599121094,600600,0.0,0.0
2013-07-11,71.34965652235893,71.7835344530748,70.91577859164305,70.98963165283203,452400,0.0,0.0
2013-07-12,70.52807243118093,70.62038525166473,69.66954981894983,69.9095687866211,575900,0.0,0.0
2013-07-15,67.86941949745298,70.71269950111832,67.39862199056668,70.36190795898438,1311000,0.0,0.0
2013-07-16,70.64805926035892,71.59889443556537,69.4018189137969,69.67876434326172,710800,0.0,0.0
2013-07-17,69.55876778845543,70.05726545334417,68.7648648824863,69.10643005371094,667300,0.0,0.0
2013-07-18,69.02332414851604,70.14955851388812,69.02332414851604,69.79876708984375,415100,0.0,0.0
2013-07-19,69.64184146563808,70.1311056460501,69.37412941459817,69.6603012084961,234500,0.0,0.0
2013-07-22,69.26333536396909,69.85414561425777,69.08793614987867,69.12486267089844,390800,0.0,0.0
2013-07-23,69.45721976853945,69.45721976853945,68.78332988128055,68.86640930175781,432000,0.0,0.0
2013-07-24,68.81101257561339,69.31873650182662,68.21096880552935,68.34944152832031,344600,0.0,0.0
2013-07-25,68.34020808750088,69.03256465795594,68.08172942808011,68.77408599853516,316200,0.0,0.0
2013-07-26,68.29408320360152,69.31876486833664,68.22946351225754,69.24491882324219,225100,0.0,0.0
2013-07-29,68.71870025355406,69.30951063476444,68.71870025355406,68.9494857788086,257300,0.0,0.0
2013-07-30,69.35567355927857,69.49414630309035,68.55254432259972,68.86640930175781,357200,0.0,0.0
2013-07-31,69.19016942633601,69.83766816257646,69.02366874313033,69.31041717529297,495700,0.15,0.0
2013-08-01,70.18916492746274,72.51092244308032,70.14291905143621,71.94667053222656,1107000,0.0,0.0
2013-08-02,71.91891239063287,72.29816663442816,71.28065869117539,71.63216400146484,350600,0.0,0.0
2013-08-05,71.3916574017782,71.79866055581569,71.08640503625008,71.58590698242188,249400,0.0,0.0
2013-08-06,71.21589380735335,71.51189413099685,70.15214021834558,70.25389099121094,253000,0.0,0.0
2013-08-07,69.9208935317765,70.32789664528063,69.10689436197299,69.53239440917969,242300,0.0,0.0
2013-08-08,69.72664100809594,70.42964443140696,69.39363975795938,70.22614288330078,207400,0.0,0.0
2013-08-09,70.11518289967297,70.51293420350508,69.68967559651558,70.03192901611328,205300,0.0,0.0
2013-08-12,69.52316294403883,70.61465867413376,69.41216014869755,70.47591400146484,193100,0.0,0.0
2013-08-13,70.42040369053973,70.67941019319795,69.57865549281874,69.80990600585938,301800,0.0,0.0
2013-08-14,70.05963441560104,70.05963441560104,68.7553855462371,68.8756332397461,288100,0.0,0.0
2013-08-15,68.45013826647286,68.87563827910266,67.3863847062963,67.60838317871094,731500,0.0,0.0
2013-08-16,67.50667155929818,68.15417035217138,67.38641674261635,67.64541625976562,253900,0.0,0.0
2013-08-19,67.55289131942213,68.1078910783104,67.34938976114863,67.38639068603516,292200,0.0,0.0
2013-08-20,67.34940673477527,68.39466371893566,67.11815618885754,68.191162109375,432700,0.0,0.0
2013-08-21,67.83967328515641,68.27442554651766,67.2939252513341,67.67317962646484,436500,0.0,0.0
2013-08-22,67.92289838465985,69.37515126893466,67.58064509780584,68.75540161132812,192500,0.0,0.0
2013-08-23,68.76466092121689,69.32891283403518,68.25591393991314,68.9681625366211,380800,0.0,0.0
2013-08-26,69.07915168522874,69.53240070261562,68.70914946284528,69.09764862060547,390200,0.0,0.0
2013-08-27,68.17264478399757,68.45940020376732,67.48814527793782,67.83039855957031,372200,0.0,0.0
2013-08-28,67.52515167202961,67.88590191775577,66.71115238424855,67.42340087890625,588100,0.0,0.0
2013-08-29,67.5158961113765,68.5241519925942,67.11814495667316,67.65464782714844,538300,0.0,0.0
2013-08-30,67.83965048598475,68.17265180587128,66.479903329855,66.60015106201172,409000,0.0,0.0
2013-09-03,67.36792196820508,68.09867466206761,65.9156685798779,66.33191680908203,992600,0.0,0.0
2013-09-04,66.29489510040843,67.0996494229321,66.18389937123658,67.01639556884766,578200,0.0,0.0
2013-09-05,67.15515377931354,67.53440804319415,66.91465124751622,67.34940338134766,460400,0.0,0.0
2013-09-06,67.40490961012803,68.44090750764902,66.98865440584001,67.69165802001953,437900,0.0,0.0
2013-09-09,67.96914999265506,68.67214643071729,67.69164657006904,68.13565063476562,405800,0.0,0.0
2013-09-10,68.48713398809451,69.37513486753451,68.46863000009579,69.36588287353516,489400,0.0,0.0
2013-09-11,68.91265106201172,69.45839887088314,68.83864920606818,68.91265106201172,632300,0.0,0.0
2013-09-12,68.74615478515625,69.00515424021866,68.61665505762504,68.74615478515625,725600,0.0,0.0
2013-09-13,68.94966848286855,69.13466610977375,68.18191492251846,68.48716735839844,642200,0.0,0.0
2013-09-16,70.30014213526727,70.30014213526727,68.59814208155566,68.86638641357422,1121800,0.0,0.0
2013-09-17,68.54265925676286,68.672158995743,67.91365750005654,68.4316635131836,606400,0.0,0.0
2013-09-18,68.59818022251959,68.79242987640114,68.04317314604872,68.58892822265625,714500,0.0,0.0
2013-09-19,68.87564933293369,68.87564933293369,68.37614739693272,68.75540161132812,1002400,0.0,0.0
2013-09-20,68.45015485879001,69.63415640827559,68.45015485879001,69.30115509033203,1344000,0.0,0.0
2013-09-23,69.28265522557813,69.29190722213163,68.54265075982126,68.64440155029297,1076600,0.0,0.0
2013-09-24,68.6443883992391,68.95889270695426,67.65463667380148,67.79338836669922,723800,0.0,0.0
2013-09-25,67.69165578127468,67.90440937516863,66.28565565662223,66.42440032958984,1016000,0.0,0.0
2013-09-26,67.6823630216702,67.6823630216702,66.22085885082913,66.50761413574219,791300,0.0,0.0
2013-09-27,66.44289638782999,67.10889896734831,65.91564552191218,66.91464233398438,465500,0.0,0.0
2013-09-30,66.24861548779967,67.73786859140128,66.24861548779967,67.46036529541016,685000,0.0,0.0
2013-10-01,68.10789326735016,68.68139703571697,67.67314826467127,67.9783935546875,915400,0.0,0.0
2013-10-02,67.58989335119756,68.07089126818987,67.20139421933398,68.03389739990234,499500,0.0,0.0
2013-10-03,67.95064770009594,68.11714834637071,66.83139610016202,67.00714874267578,583300,0.0,0.0
2013-10-04,66.91466123200716,67.46966824315426,66.38741021718327,67.45116424560547,570600,0.0,0.0
2013-10-07,66.80365155318908,67.17365379777362,66.39664837842551,66.74815368652344,431000,0.0,0.0
2013-10-08,66.6464043614181,66.97015368611136,65.97114972088131,66.01740264892578,681800,0.0,0.0
2013-10-09,66.06363100958418,66.25788055291426,65.33287869484491,65.51788330078125,824400,0.0,0.0
2013-10-10,66.11915467503444,66.81290626537296,65.30514829242532,66.72965240478516,1453800,0.0,0.0
2013-10-11,67.92288352533345,69.06988379936918,67.50663553166355,68.45013427734375,960200,0.0,0.0
2013-10-14,68.50565737624409,68.91266058295955,67.5436542876843,67.69165802001953,1033200,0.0,0.0
2013-10-15,67.46966748362043,69.00516757414168,66.6094150946754,67.29391479492188,2169600,0.0,0.0
2013-10-16,67.51590065558061,68.30215102160015,67.27540519307499,68.25590515136719,1193300,0.0,0.0
2013-10-17,67.62689774331517,69.1346484840965,67.4603970986665,69.06065368652344,728600,0.0,0.0
2013-10-18,69.11615927253746,70.17066112074816,68.88490874341747,70.10591125488281,1099700,0.0,0.0
2013-10-21,70.17066419231227,70.40191473155474,69.36590977515417,69.68965911865234,675500,0.0,0.0
2013-10-22,69.99492539360469,70.36492774114951,69.23642375688131,69.28267669677734,688400,0.0,0.0
2013-10-23,69.09766358977662,69.4399169546373,68.34841404360822,69.2179183959961,806700,0.0,0.0
2013-10-24,69.16237435269501,69.6156302691674,68.74612640847657,69.5508804321289,914000,0.0,0.0
2013-10-25,69.64341966880751,69.84692129126422,68.90341505209345,69.16241455078125,620800,0.0,0.0
2013-10-28,69.0051610669596,69.65266682587979,68.66291477771378,68.77391052246094,613800,0.0,0.0
2013-10-29,69.05140275356092,69.36590005540334,68.69065252746854,69.09764862060547,420000,0.0,0.0
2013-10-30,69.32889937482499,69.88390623898324,69.25490457584858,69.68040466308594,784700,0.0,0.0
2013-10-31,69.79138450774752,69.9023872667594,68.91263560148263,69.40288543701172,716900,0.0,0.0
2013-11-01,69.52317159221198,70.10592046152956,69.06067047323411,69.37516784667969,718500,0.0,0.0
2013-11-04,72.75143084994781,72.75143084994781,69.51392286476317,70.21692657470703,500100,0.0,0.0
2013-11-05,69.94865282807103,70.2076522553913,69.39364598986465,69.42140197753906,1834900,0.0,0.0
2013-11-06,68.89412925075104,69.2086264391462,67.67312729737631,67.71012115478516,1465900,0.0,0.0
2013-11-07,68.16341140345615,68.311408079254,67.24765418420677,67.4789047241211,1060100,0.0,0.0
2013-11-08,67.37711998048269,67.98762448577149,67.34012612307386,67.71012115478516,550000,0.0,0.0
2013-11-11,67.83040128392422,67.93215207289614,67.40490119240772,67.71939849853516,412600,0.0,0.0
2013-11-12,67.70090124704365,68.26515305336254,67.34939595688766,68.20964813232422,573400,0.0,0.0
2013-11-13,67.67206630368047,68.39503750714485,67.34765705489404,67.39399719238281,1159000,0.15,0.0
2013-11-14,67.59791369947521,67.74621203989012,66.94909520092637,67.01397705078125,669000,0.0,0.0
2013-11-15,67.06030764012081,68.58967339362096,66.83785662537596,68.55259704589844,841700,0.0,0.0
2013-11-18,68.84920381934988,68.96970372270695,68.17257989018256,68.31160736083984,714900,0.0,0.0
2013-11-19,68.11697242337777,68.33015969752319,67.21789025815904,67.36619567871094,670600,0.0,0.0
2013-11-20,67.35690413382844,67.4588623112442,66.92126593425007,67.07884216308594,381500,0.0,0.0
2013-11-21,66.85638368731145,67.66277824781793,66.85638368731145,67.62570190429688,425900,0.0,0.0
2013-11-22,67.65352459553884,67.98720470047988,67.34765705900227,67.94086456298828,417700,0.0,0.0
2013-11-25,68.32087535605243,69.12727001006044,68.07988263101723,68.98823547363281,663100,0.0,0.0
2013-11-26,69.33119271293661,69.51656739735986,68.90481820989946,69.48876190185547,1230800,0.0,0.0
2013-11-27,69.60926717608704,69.67414903438619,69.12728866752089,69.50730895996094,452800,0.0,0.0
2013-11-29,69.63705467133614,69.90585289238754,69.43314536339852,69.69267272949219,244600,0.0,0.0
2013-12-02,70.14685366710377,70.60102660986847,69.43315332847354,70.45272827148438,841600,0.0,0.0
2013-12-03,70.18393046976084,70.5917632782175,70.04489591491505,70.285888671875,840200,0.0,0.0
2013-12-04,69.78536851738488,70.57322156605608,69.4887647671231,70.285888671875,647300,0.0,0.0
2013-12-05,70.31369371753036,70.91617207027032,70.12831902665245,70.45272827148438,807000,0.0,0.0
2013-12-06,71.0273846357913,71.36106469238844,70.60101724604831,71.12007904052734,727500,0.0,0.0
2013-12-09,71.3703490323891,71.65768194090889,71.15716176144142,71.24058532714844,662800,0.0,0.0
2013-12-10,71.03666297388149,71.24057937123784,70.61956639499147,70.6844482421875,572100,0.0,0.0
2013-12-11,70.58249241474545,70.81421431560044,69.60925760251804,69.73902130126953,520200,0.0,0.0
2013-12-12,69.70195066856277,69.97074894420416,68.31161914933672,69.15509033203125,887100,0.0,0.0
2013-12-13,69.44240510846025,69.65559233054843,68.60820500053471,68.79358673095703,622100,0.0,0.0
2013-12-16,68.99750996029684,69.97073762333731,68.99750996029684,69.94293212890625,582900,0.0,0.0
2013-12-17,70.07269625774356,70.2951472861809,69.54437064546069,69.77609252929688,443800,0.0,0.0
2013-12-18,69.8687850309351,71.12935273787124,69.64633398606144,71.10154724121094,845500,0.0,0.0
2013-12-19,70.74931499243073,71.24056416945908,70.23952410782236,70.46197509765625,457400,0.0,0.0
2013-12-20,70.80495588364593,70.86983774440647,70.37858835984912,70.85130310058594,1235300,0.0,0.0
2013-12-23,71.34253534408641,71.731826415117,70.80493887175423,71.51864624023438,482700,0.0,0.0
2013-12-24,71.39814680751782,71.7318268910697,71.33326496191555,71.62059783935547,266800,0.0,0.0
2013-12-26,71.75038625438724,72.44555208754855,71.57427531374343,71.7689208984375,322500,0.0,0.0
2013-12-27,71.95429277396492,72.23236192484737,71.54646697668753,71.7874526977539,246800,0.0,0.0
2013-12-30,71.85230694015667,71.85230694015667,71.30544677762494,71.65766143798828,326900,0.0,0.0
2013-12-31,71.41668510611596,71.8337816548304,71.296185204619,71.64840698242188,383700,0.0,0.0
2014-01-02,71.5278982840438,71.63912731676368,70.68443443525102,70.99957275390625,538600,0.0,0.0
2014-01-03,71.24983861891937,71.76889331192271,70.99957505508574,71.63912963867188,526800,0.0,0.0
2014-01-06,71.99135513711545,72.23234788292524,70.86982203734148,71.01812744140625,634100,0.0,0.0
2014-01-07,71.54644879112003,72.03769803743408,71.19422701331716,71.64840698242188,448200,0.0,0.0
2014-01-08,71.6298846471662,71.83380108492658,70.97179518904376,71.50939178466797,481800,0.0,0.0
2014-01-09,71.49082270496231,71.83377358916027,71.12007340177388,71.81523895263672,1069600,0.0,0.0
2014-01-10,72.13967267702915,73.46512239457331,71.89867989067784,73.43731689453125,875700,0.0,0.0
2014-01-13,73.38170150428033,73.47438886500477,72.01917537969496,72.11186981201172,753100,0.0,0.0
2014-01-14,72.43626212551588,72.99239323105338,72.30649843661014,72.66798400878906,626000,0.0,0.0
2014-01-15,72.68650902265733,73.69681997716816,72.48259266092543,73.39094543457031,532500,0.0,0.0
2014-01-16,73.20556616536771,73.22410080090663,72.49185894430684,72.76992797851562,459100,0.0,0.0
2014-01-17,71.78741164918137,72.10255697808519,71.3239680437726,71.91717529296875,875600,0.0,0.0
2014-01-21,73.30753724716931,73.75244640883932,72.72360060209417,73.27973175048828,1318600,0.0,0.0
2014-01-22,74.04902032865273,74.04902032865273,72.92748762758507,73.49288940429688,896200,0.0,0.0
2014-01-23,72.39919666819432,73.38169533818235,71.92648197515082,72.75141143798828,1099500,0.0,0.0
2014-01-24,72.5289394522075,72.66797397729644,70.72151184082031,70.72151184082031,891700,0.0,0.0
2014-01-27,70.83272833595314,70.85127004271492,69.10871732974407,69.28482818603516,1090800,0.0,0.0
2014-01-28,69.02529608722298,70.33220345991812,68.68234525175544,69.26628875732422,693200,0.0,0.0
2014-01-29,68.82139952247466,69.44241247418258,68.28380305461229,68.84920501708984,1024300,0.0,0.0
2014-01-30,69.47020371971051,70.43416740766453,69.06237809635287,69.98926544189453,552500,0.0,0.0
2014-01-31,69.20142641616478,70.05416124697736,68.82139913432552,69.56291198730469,537800,0.0,0.0
2014-02-03,69.75754992009287,70.07268825174111,66.99542226884655,67.10665130615234,1102800,0.0,0.0
2014-02-04,67.42179896007472,67.91304823415034,66.84713320017835,67.74620819091797,755600,0.0,0.0
2014-02-05,67.4310655474812,68.30234205938852,67.09738548213757,68.10769653320312,965200,0.0,0.0
2014-02-06,68.22819612482874,69.13654200372589,67.83890503387283,68.71017456054688,555700,0.0,0.0
2014-02-07,68.71015605212844,69.11798874513379,68.24671238156388,68.51551055908203,582200,0.0,0.0
2014-02-10,67.58864535548774,68.26527644763048,67.55156900110812,67.86671447753906,698700,0.0,0.0
2014-02-11,67.78304716431072,68.52659089613549,67.43915694742401,68.0711669921875,745000,0.2,0.0
2014-02-12,68.11765275554534,68.38718722704098,67.1696339811869,68.08047485351562,1049800,0.0,0.0
2014-02-13,67.68081405110348,68.44294323401948,67.55069495335873,68.24776458740234,551400,0.0,0.0
2014-02-14,68.04331518926315,68.41508721824734,67.57860192577334,67.64366149902344,853900,0.0,0.0
2014-02-18,67.53210719212792,67.95034612156896,66.9000971290214,67.20680236816406,958400,0.0,0.0
2014-02-19,68.37789919828487,68.37789919828487,66.32386772821265,66.37963104248047,717900,0.0,0.0
2014-02-20,66.45399129130986,66.779289131187,65.73833604358018,66.5934066772461,624600,0.0,0.0
2014-02-21,66.5747804884676,67.33690950950323,66.49113555380931,66.91867065429688,737400,0.0,0.0
2014-02-24,66.91870451712322,67.55071478786783,66.5934066772461,66.5934066772461,591800,0.0,0.0
2014-02-25,66.71422225725648,66.99305299859384,65.96138918299005,66.76069641113281,633100,0.0,0.0
2014-02-26,67.05810345208909,67.28116376028832,66.03573602430332,66.09149932861328,1202200,0.0,0.0
2014-02-27,66.1100845336914,66.40750064071322,65.79408302227543,66.1100845336914,948300,0.0,0.0
2014-02-28,66.00784883979372,67.392699051172,65.99855968282895,66.79786682128906,1218700,0.0,0.0
2014-03-03,66.28667447130113,66.50973476767761,65.87772468547843,66.13796997070312,822600,0.0,0.0
2014-03-04,66.92798294490657,67.6529342495749,66.8164492476656,67.19751739501953,794700,0.0,0.0
2014-03-05,67.37411545747194,67.70870951736099,67.07669930323286,67.5785903930664,869500,0.0,0.0
2014-03-06,67.44845425657489,68.65671106708372,67.26257186616985,68.62882232666016,691300,0.0,0.0
2014-03-07,68.95413224428962,69.53037195172358,68.6753015471086,69.1400146484375,919600,0.0,0.0
2014-03-10,68.81472036987451,69.51179005706008,68.66600876628101,68.94483947753906,1066700,0.0,0.0
2014-03-11,68.9262598577965,69.13072769345996,67.85741816287502,67.92247772216797,735400,0.0,0.0
2014-03-12,67.64363482408866,68.04328835672696,67.40198203689928,67.61575317382812,611900,0.0,0.0
2014-03-13,67.69942361502687,68.09907729814414,66.50046965663661,66.82576751708984,703900,0.0,0.0
2014-03-14,66.74209523039487,67.25328249269042,66.31456001600195,66.40750122070312,886900,0.0,0.0
2014-03-17,66.88150705463153,67.29975309016157,66.25879321592922,66.45397186279297,631500,0.0,0.0
2014-03-18,66.47256418616418,66.7885728075251,65.93350233483514,65.9706802368164,1090200,0.0,0.0
2014-03-19,65.74760105300606,66.36102568942545,65.65465986017362,65.9799575805664,874500,0.0,0.0
2014-03-20,65.70114387763128,65.82196673737855,65.00407419017347,65.24571990966797,1347700,0.0,0.0
2014-03-21,65.36654612588654,66.14726072757533,65.0877154304496,65.16207122802734,1393500,0.0,0.0
2014-03-24,65.26432376601767,65.54314743495928,64.59513561502057,65.03196716308594,1318200,0.0,0.0
2014-03-25,65.45949845313032,65.86844831835543,64.4371308810279,64.87396240234375,1574100,0.0,0.0
2014-03-26,64.93901019657821,65.78478433890434,64.65088325694177,64.82747650146484,1429700,0.0,0.0
2014-03-27,64.62301727281866,65.13420463565276,64.60443186460685,65.03196716308594,779000,0.0,0.0
2014-03-28,64.9576113483172,65.54314743495928,64.92043344093283,65.03196716308594,789200,0.0,0.0
2014-03-31,65.32934532869483,66.9279589614949,65.30146368711567,66.84430694580078,1863300,0.0,0.0
2014-04-01,67.01164026707359,67.89459957852925,66.91869904769943,67.87600708007812,1357500,0.0,0.0
2014-04-02,67.65293755789857,68.96342488250848,67.5878780040663,68.94483947753906,1402900,0.0,0.0
2014-04-03,68.49873410603111,68.89838780737975,68.35932579587845,68.59168243408203,907600,0.0,0.0
2014-04-04,68.82401878748755,69.00990120687975,68.09906033355452,68.17341613769531,1068300,0.0,0.0
2014-04-07,67.79233349708413,68.15480906332702,66.86290751370083,66.95584869384766,1521500,0.0,0.0
2014-04-08,66.75138969701483,67.23468820314065,66.69562639387395,67.19751739501953,983600,0.0,0.0
2014-04-09,67.41128219729386,67.72729079749531,66.9744507419632,67.68081665039062,895400,0.0,0.0
2014-04-10,67.69939264642133,67.91316376605198,66.69561786347265,66.88150024414062,1179300,0.0,0.0
2014-04-11,66.68633240580697,67.2718683815028,66.40750169873688,66.46327209472656,1435900,0.0,0.0
2014-04-14,68.41505570400345,70.7479171975982,67.06739069704686,69.04706573486328,2433600,0.0,0.0
2014-04-15,69.54894944319697,69.62330522519933,68.11763254896113,69.1585922241211,1625900,0.0,0.0
2014-04-16,69.63260099052081,70.46908589006748,69.22365833259893,70.45050048828125,1332800,0.0,0.0
2014-04-17,70.28320694685786,70.88732826240317,70.08802830924124,70.45979309082031,804700,0.0,0.0
2014-04-21,70.48766085104384,71.04532209544497,70.13448154175276,70.99884796142578,681900,0.0,0.0
2014-04-22,71.06392365037001,71.57511087696685,70.51556561725606,71.37063598632812,786400,0.0,0.0
2014-04-23,71.30559060620982,71.55653260033415,70.51557962801361,70.77581787109375,809500,0.0,0.0
2014-04-24,70.9523846700433,71.01745130399628,70.06013646999217,70.6735610961914,571400,0.0,0.0
2014-04-25,70.61780452228199,70.70144947511288,69.81849743742244,70.15309143066406,664600,0.0,0.0
2014-04-28,70.301803239595,71.03605085158141,69.97650545984399,70.13450622558594,918100,0.0,0.0
2014-04-29,70.36687424136964,70.73864623196857,69.77204189279574,70.16239929199219,1157400,0.0,0.0
2014-04-30,70.34826332954842,71.0917999502324,70.09731431321183,70.72932434082031,701800,0.0,0.0
2014-05-01,70.85946049943196,71.73312350746635,70.28322072048168,71.65876770019531,837000,0.0,0.0
2014-05-02,71.56581121066807,72.36511824081715,71.46357377023328,71.51004791259766,507100,0.0,0.0
2014-05-05,71.04533773578774,71.48216916428856,70.57132841007846,71.1661605834961,362000,0.0,0.0
2014-05-06,70.85944810794251,71.58439937465957,70.79438856069761,71.12898254394531,472300,0.0,0.0
2014-05-07,71.23150191994452,71.76266273966533,70.49533041374553,71.3340072631836,589500,0.2,0.0
2014-05-08,71.35265463308502,71.93041148334947,70.59784888302194,70.63512420654297,1012200,0.0,0.0
2014-05-09,70.49533400700481,70.72829941541558,70.0759920061414,70.59783935546875,585700,0.0,0.0
2014-05-12,70.78422165097875,71.71608345329739,70.78422165097875,71.66949462890625,689700,0.0,0.0
2014-05-13,71.75336647283908,72.21929742396141,71.52972160697215,72.18202209472656,740400,0.0,0.0
2014-05-14,71.96767426614937,72.17267784548064,71.70674704697001,71.81857299804688,447800,0.0,0.0
2014-05-15,71.65084456136962,71.90245119826093,71.09172897094739,71.72539520263672,535500,0.0,0.0
2014-05-16,71.79991145281613,71.85582085221645,71.19420022434349,71.65081024169922,438300,0.0,0.0
2014-05-19,71.57629715734988,72.5920301393172,71.38992765529352,72.3683853149414,439300,0.0,0.0
2014-05-20,72.44291270154224,72.5360974317983,71.21285577736037,71.73470306396484,676300,0.0,0.0
2014-05-21,71.91175060504173,72.20994600213776,70.99853031185847,71.37126922607422,602000,0.0,0.0
2014-05-22,71.42718345769758,72.34972432698017,71.128988070175,72.20063018798828,728300,0.0,0.0
2014-05-23,72.45223662682362,72.5081460456309,71.58560508761315,71.9583511352539,898900,0.0,0.0
2014-05-27,72.3683660355209,72.3683660355209,71.40854273796575,71.75333404541016,804800,0.0,0.0
2014-05-28,71.75333622553511,72.5920130059232,71.38059019985826,72.30313110351562,889600,0.0,0.0
2014-05-29,72.57336234480088,72.62927886257208,72.16334816852846,72.53608703613281,454300,0.0,0.0
2014-05-30,72.4149741356851,72.5920301393172,71.93972266303835,72.3683853149414,660600,0.0,0.0
2014-06-02,72.02357182180344,72.46154783777793,71.49241108338599,72.31244659423828,826500,0.0,0.0
2014-06-03,71.86516058256557,72.40563484287168,71.47377335398252,71.57627868652344,441600,0.0,0.0
2014-06-04,71.501713627992,71.80922242342686,71.35261242211358,71.64148712158203,404000,0.0,0.0
2014-06-05,72.0515083282109,72.1074177256469,71.25010712045636,71.64148712158203,881800,0.0,0.0
2014-06-06,71.72538627560498,72.05153640362985,71.07307891001562,71.66015625,1351200,0.0,0.0
2014-06-09,71.82787528049619,72.72246133227169,71.52967992990435,72.13539123535156,1117800,0.0,0.0
2014-06-10,72.19131007905771,72.75042554581546,71.53900277655792,71.75333404541016,713800,0.0,0.0
2014-06-11,71.50174586927909,71.70674945549612,71.05444915948733,71.13831329345703,575000,0.0,0.0
2014-06-12,71.11966602705672,71.11966602705672,69.83369977740018,70.21575927734375,981300,0.0,0.0
2014-06-13,70.29032332667741,70.6164734766215,69.98280728121296,70.44873809814453,470600,0.0,0.0
2014-06-16,70.49530660373799,70.85873193082317,70.1971112812697,70.4300765991211,493500,0.0,0.0
2014-06-17,70.12258362255419,71.17558464442872,69.89893883489421,70.67237854003906,829700,0.0,0.0
2014-06-18,70.8587590706847,71.38059930749174,70.70965779757411,71.13831329345703,702900,0.0,0.0
2014-06-19,71.19423553136888,71.42720095711974,70.71898407216578,71.2501449584961,747300,0.0,0.0
2014-06-20,71.29672391033752,71.93970349781644,71.22217328555945,71.75333404541016,690200,0.0,0.0
2014-06-23,71.95834756676716,71.95834756676716,70.65374001949107,70.92398071289062,1007000,0.0,0.0
2014-06-24,70.87738381556812,71.35263517392532,69.85233758168206,70.02007293701172,800800,0.0,0.0
2014-06-25,69.9362209816128,70.75625668948356,69.82439502209121,70.3089599609375,735900,0.0,0.0
2014-06-26,70.21577610859003,70.327602069533,68.36137335757998,68.51046752929688,1493900,0.0,0.0
2014-06-27,68.13771957847582,68.83661574593043,67.997938923077,68.47319030761719,772200,0.0,0.0
2014-06-30,68.55707932542515,69.01368966326778,68.28683852275117,68.75276947021484,819600,0.0,0.0
2014-07-01,69.20003794043488,69.22799264829635,68.27748992377157,68.37068176269531,1077000,0.0,0.0
2014-07-02,68.10974778703934,68.7527344420032,68.10974778703934,68.73410034179688,666200,0.0,0.0
2014-07-03,68.90185050284033,69.27458946345175,68.64093038659637,69.15345001220703,278900,0.0,0.0
2014-07-07,69.25595474905096,69.4889201521505,68.49182851126605,69.18140411376953,1027300,0.0,0.0
2014-07-08,68.9670632785245,69.41435276317651,68.63159261026642,68.84591674804688,1016700,0.0,0.0
2014-07-09,68.93911691649105,69.33981764597894,68.26817549878676,69.08821105957031,774800,0.0,0.0
2014-07-10,68.30542959975926,68.80862839723056,68.03518899546582,68.4638442993164,563000,0.0,0.0
2014-07-11,68.2961547069237,68.98573047381511,68.07250985730462,68.85527038574219,745000,0.0,0.0
2014-07-14,69.03229153413633,69.49822221601974,68.92046561105063,69.22798156738281,1160500,0.0,0.0
2014-07-15,68.4265972790309,71.75334289238727,67.96998708765956,71.69743347167969,2106400,0.0,0.0
2014-07-16,73.18839253092628,74.35321923830122,72.28448586847726,73.06725311279297,2723700,0.0,0.0
2014-07-17,72.64792808393447,72.91816879587545,72.19131789939817,72.2938232421875,1536600,0.0,0.0
2014-07-18,72.22858837144983,73.33749874523471,72.07948711574207,72.81565856933594,1520700,0.0,0.0
2014-07-21,72.44292134349136,72.94612747835019,72.33110249766055,72.75975799560547,768300,0.0,0.0
2014-07-22,72.91817233215356,74.19482532091769,72.78771227310204,73.59843444824219,871000,0.0,0.0
2014-07-23,74.07367884975858,74.07367884975858,73.04863248044161,73.57047271728516,928400,0.0,0.0
2014-07-24,73.50522708610363,74.29731498974238,73.27226172845423,74.28799438476562,770500,0.0,0.0
2014-07-25,73.89661276587958,74.12025751393892,73.7661527370501,73.83138275146484,985200,0.0,0.0
2014-07-28,73.86863815848155,73.95250936793991,73.35611873670952,73.69158935546875,658000,0.0,0.0
2014-07-29,73.62638642889043,73.70092995305521,72.88089431092473,72.927490234375,1130900,0.0,0.0
2014-07-30,72.99287964918007,73.61883196354974,72.94617147081246,73.33855438232422,621100,0.2,0.0
2014-07-31,72.69392461755223,73.3011879950887,72.13337654896297,72.18009185791016,986600,0.0,0.0
2014-08-01,71.73165302021607,72.13338046460063,71.17110492119842,71.22715759277344,1478400,0.0,0.0
2014-08-04,71.38595784352984,71.38595784352984,70.49841716194283,71.14305114746094,794400,0.0,0.0
2014-08-05,71.01226450453149,71.50741530633061,70.64790798517915,71.04029083251953,469300,0.0,0.0
2014-08-06,70.78805857392246,70.83477388491,70.31159661507684,70.49844360351562,919900,0.0,0.0
2014-08-07,70.51710867358943,70.94686230351599,70.03129526393104,70.07801055908203,493000,0.0,0.0
2014-08-08,70.12473927663163,71.11504822756824,70.0593421209075,71.09635925292969,650700,0.0,0.0
2014-08-11,71.47004345285751,71.89045262206696,71.18976592154876,71.29253387451172,407700,0.0,0.0
2014-08-12,71.15242406312387,71.57283336129686,71.00294076650314,71.28321838378906,373500,0.0,0.0
2014-08-13,71.47006385230117,71.81573862254619,71.1991307287722,71.27387237548828,378300,0.0,0.0
2014-08-14,71.16176373126869,71.32992888154301,70.40502411891232,70.62924194335938,804600,0.0,0.0
2014-08-15,70.84413364618473,71.0309806749065,69.984625909653,70.60122680664062,497900,0.0,0.0
2014-08-18,71.01228047718531,72.05863497211418,70.54515589830481,71.97455596923828,772600,0.0,0.0
2014-08-19,72.32022154841486,72.32022154841486,71.56347497976238,71.86243438720703,509800,0.0,0.0
2014-08-20,71.6475555974839,71.83440253987978,70.96555071500642,71.15240478515625,526000,0.0,0.0
2014-08-21,71.46070460263813,71.49807541827634,70.9562092831536,71.12437438964844,394800,0.0,0.0
2014-08-22,71.22715466387577,71.31124079553643,70.32093182931293,70.8441162109375,440100,0.0,0.0
2014-08-25,71.31124111494577,71.46071727625409,71.07767882160014,71.41400909423828,336500,0.0,0.0
2014-08-26,71.59151133956578,71.64757113664615,70.51713049614327,70.63858032226562,573300,0.0,0.0
2014-08-27,70.71331957899834,71.05898719850467,69.27457505027493,70.1060562133789,1078200,0.0,0.0
2014-08-28,70.08736252967665,70.75068564591294,69.73235044686756,70.69462585449219,606300,0.0,0.0
2014-08-29,70.94686075789033,70.95619811451446,70.4423655178143,70.58250427246094,588200,0.0,0.0
2014-09-02,69.07838876723842,71.34861462932791,69.07838876723842,71.02162170410156,1001900,0.0,0.0
2014-09-03,71.43269363678213,71.44203812464009,70.76937755398309,71.02162170410156,850500,0.0,0.0
2014-09-04,71.26452615442618,71.91850485565224,70.84411687544595,71.88113403320312,923700,0.0,0.0
2014-09-05,71.66622163935378,71.93715463551914,71.51674554394498,71.87175750732422,846800,0.0,0.0
2014-09-08,71.98388931389698,72.12402096366523,71.55412849542665,71.69426727294922,873800,0.0,0.0
2014-09-09,71.58218152700218,71.81574384415505,70.93754725077827,71.0496597290039,479300,0.0,0.0
2014-09-10,70.93754201923242,71.1897861669421,69.7230152085047,70.08737182617188,2247600,0.0,0.0
2014-09-11,69.73235507066036,70.38632661597595,69.49879278622547,70.31159210205078,773100,0.0,0.0
2014-09-12,70.4236806213786,70.83475242471188,70.09669492679691,70.40499877929688,873200,0.0,0.0
2014-09-15,69.1344454087832,70.10606549688603,69.1344454087832,69.8071060180664,1113300,0.0,0.0
2014-09-16,69.72300720214844,70.06868193233976,69.52681574806849,69.72300720214844,1193500,0.0,0.0
2014-09-17,69.90987374149285,70.41436919653826,69.21852415804754,69.23721313476562,1063000,0.0,0.0
2014-09-18,69.29322812632935,69.51745295847115,68.93821616706663,69.08769226074219,1098200,0.0,0.0
2014-09-19,69.33063347112251,69.99394955921967,69.28392528697125,69.52682495117188,961000,0.0,0.0
2014-09-22,69.32128670417025,69.48945184264906,68.75139413086737,68.78876495361328,431800,0.0,0.0
2014-09-23,68.55519776550446,68.83547535222178,68.08807320614567,68.1347885131836,564100,0.0,0.0
2014-09-24,68.32163348766379,68.32163348766379,67.61160931018776,67.96662139892578,707100,0.0,0.0
2014-09-25,67.72372069117873,68.34032856792128,67.01369645025498,68.06005096435547,1180200,0.0,0.0
2014-09-26,68.26559151009835,69.53617104352512,68.106770850359,69.33063507080078,1050000,0.0,0.0
2014-09-29,68.73270255368442,69.22785341140273,68.22820720966352,69.13442993164062,622300,0.0,0.0
2014-09-30,69.04100593189047,69.39601800341451,68.4617689573206,69.18114471435547,857400,0.0,0.0
2014-10-01,69.442746853608,69.45208421390717,68.38704066381338,68.49915313720703,1455100,0.0,0.0
2014-10-02,68.62991593946475,69.80707142232292,68.4524063867215,69.67627716064453,850200,0.0,0.0
2014-10-03,70.25550894825685,70.84409027110375,69.93786776835773,70.7226333618164,890800,0.0,0.0
2014-10-06,70.72265445803953,71.08701103908155,69.48010856441792,69.77906799316406,728400,0.0,0.0
2014-10-07,69.43340762586594,69.43340762586594,68.25625151319652,68.27494049072266,1051800,0.0,0.0
2014-10-08,68.28426431797013,69.60155898997532,67.90122588767942,69.4240493774414,781500,0.0,0.0
2014-10-09,69.22785978527192,69.28391958049436,68.21886900433145,68.24690246582031,568900,0.0,0.0
2014-10-10,68.04136987233507,68.25624319339916,67.2565968502931,67.34068298339844,848900,0.0,0.0
2014-10-13,67.48080555373454,67.75173147985855,66.33167619609748,66.61195373535156,1657900,0.0,0.0
2014-10-14,69.4800769471343,71.33922982588949,68.0039623210213,68.63925170898438,3171100,0.0,0.0
2014-10-15,68.00398698443894,68.94758048990104,66.96697000257811,68.80744171142578,1572900,0.0,0.0
2014-10-16,68.09742815743095,70.53581930220447,67.63964801468508,69.8071060180664,2531600,0.0,0.0
2014-10-17,70.29287768040318,70.58249965512739,69.4053441719566,69.98458099365234,919700,0.0,0.0
2014-10-20,69.72301627308842,70.63858363899814,69.72301627308842,69.93789672851562,818500,0.0,0.0
2014-10-21,70.31159512911839,71.91850485565224,69.94723851993403,71.88113403320312,1057900,0.0,0.0
2014-10-22,71.8624379785667,72.26416537062396,71.48873691864637,71.73164367675781,1509700,0.0,0.0
2014-10-23,72.32023108308246,72.82471935835629,71.93718550517386,72.44168090820312,668700,0.0,0.0
2014-10-24,72.57247783985267,72.75932482797474,71.98390341228797,72.25482940673828,809300,0.0,0.0
2014-10-27,72.17074305996033,73.15170746721712,71.92783629790299,73.13301849365234,553100,0.0,0.0
2014-10-28,73.66552886670554,74.0672562035046,73.27314601525173,73.67487335205078,798000,0.0,0.0
2014-10-29,73.59079935719384,74.18872534593048,73.02091395686412,73.9645004272461,585000,0.0,0.0
2014-10-30,73.76830555622838,74.30082723989464,72.65654688439253,73.31986999511719,945000,0.0,0.0
2014-10-31,74.07660414391817,74.57175497400281,73.48802983928528,74.52503967285156,899100,0.0,0.0
2014-11-03,74.18872512275072,75.04823259185672,73.87107671944761,74.7866439819336,1051500,0.0,0.0
2014-11-04,75.02955459931815,76.87002675275868,74.78665492755638,76.61778259277344,1317200,0.0,0.0
2014-11-05,77.13159041286899,77.30909999282738,75.04821926261043,75.5246810913086,1675000,0.0,0.0
2014-11-06,75.52470337044673,75.84235181103615,75.38457168993537,75.7769546508789,1006800,0.0,0.0
2014-11-07,73.83370089830412,75.3752132483638,73.82435641208127,74.70255279541016,1088800,0.0,0.0
2014-11-10,74.90810409565975,75.80498250770403,74.57177380017364,75.78630065917969,675500,0.0,0.0
2014-11-11,74.7399331921729,75.85169197928822,74.3755765880815,74.97349548339844,1527700,0.0,0.0
2014-11-12,75.09525019305924,76.3690040681945,74.65505489341585,76.14422607421875,1041600,0.2,0.0
2014-11-13,76.17231940433045,76.57505049805215,75.14207923184057,75.42304992675781,1004500,0.0,0.0
2014-11-14,75.39497610639985,76.12551013532047,74.97351636527348,75.26385498046875,925400,0.0,0.0
2014-11-17,75.39495100725509,75.78831425409695,74.59885668039048,74.7018814086914,561800,0.0,0.0
2014-11-18,74.79553870167501,75.0952450549911,74.65504978546616,74.86109924316406,753100,0.0,0.0
2014-11-19,74.68312587187121,75.29190624652155,74.32722690688173,75.03903198242188,656100,0.0,0.0
2014-11-20,74.52393731042191,75.8913481519679,74.52393731042191,75.87261962890625,473000,0.0,0.0
2014-11-21,76.34091679396428,76.51886278531428,75.78832885881314,76.31282043457031,547900,0.0,0.0
2014-11-24,76.58439521980931,76.7998124720097,76.0973751628145,76.64995574951172,428200,0.0,0.0
2014-11-25,76.71552644285318,77.17445016882466,76.19103503903796,76.29405975341797,586000,0.0,0.0
2014-11-26,76.556320092102,77.24939690743297,76.53759156937912,76.6312484741211,549300,0.0,0.0
2014-11-28,77.0433217109419,78.71043835374651,77.0433217109419,77.29619598388672,549800,0.0,0.0
2014-12-01,76.94967010189366,77.16508021107234,75.2076249829025,75.5822525024414,848800,0.0,0.0
2014-12-02,75.74150044090341,76.81856561042683,75.74150044090341,76.12549591064453,553700,0.0,0.0
2014-12-03,76.04120259386212,76.41583020815278,75.81641745061128,76.00373840332031,494000,0.0,0.0
2014-12-04,75.881958354874,76.35961772868056,75.46986665671554,76.11610412597656,758700,0.0,0.0
2014-12-05,76.48139160100115,77.04334012171314,75.98499647638305,76.24724578857422,529400,0.0,0.0
2014-12-08,76.24724768709711,76.63124311334576,74.94539036366966,75.49797821044922,598800,0.0,0.0
2014-12-09,74.53329714191801,75.51670527225205,74.43027241223115,75.32939147949219,587500,0.0,0.0
2014-12-10,75.88196548601854,75.88196548601854,74.69250800108328,74.87982177734375,847900,0.0,0.0
2014-12-11,75.31067106445602,76.33154349233558,75.03906103382543,75.41368865966797,570400,0.0,0.0
2014-12-12,75.16082158899407,77.52100873035702,75.15145375377006,76.94969940185547,1261000,0.0,0.0
2014-12-15,77.76451709781863,78.6355399292781,77.0152546792329,77.74578857421875,1163000,0.0,0.0
2014-12-16,77.22128526650275,78.32645377533531,76.84665768701757,77.09016418457031,1080000,0.0,0.0
2014-12-17,77.01523250192129,77.96117630095038,75.42303692298262,77.8300552368164,1040900,0.0,0.0
2014-12-18,78.67300864251837,79.1413003606286,77.54911137727964,79.0289077758789,790000,0.0,0.0
2014-12-19,79.02891056608179,79.42228105381182,78.33584079956714,78.5137939453125,999600,0.0,0.0
2014-12-22,78.6448991204621,79.30050455786639,78.27963221311352,79.12255859375,419600,0.0,0.0
2014-12-23,79.4690932259543,79.60958215298405,78.69172735587811,79.54402160644531,509700,0.0,0.0
2014-12-24,79.48782725339876,80.11533634954243,79.28177778408269,79.5252914428711,151900,0.0,0.0
2014-12-26,79.57209400074106,80.04975335057651,79.43160511601751,79.53462982177734,558900,0.0,0.0
2014-12-29,79.3848030010163,79.78753410833613,79.19748205251662,79.60958099365234,317200,0.0,0.0
2014-12-30,79.60958186359223,79.88119188271212,79.20685075187151,79.30987548828125,412000,0.0,0.0
2014-12-31,79.59085158886491,80.04977540286308,78.79475007130686,78.90714263916016,539200,0.0,0.0
2015-01-02,79.24432476425133,80.04041925244981,77.11827637179778,77.94247436523438,576900,0.0,0.0
2015-01-05,77.35240953001502,77.44607357430185,76.10675920042222,76.65933990478516,718900,0.0,0.0
2015-01-06,77.0246059712954,77.09016651424287,74.65505144618457,75.33876037597656,1233900,0.0,0.0
2015-01-07,75.86325533003141,75.92881588214837,74.76745446797749,75.21701049804688,760200,0.0,0.0
2015-01-08,75.53544175435808,76.275343391205,75.19827120729964,76.10675811767578,731400,0.0,0.0
2015-01-09,76.46265326059401,76.51884596703121,75.49797369042001,75.68528747558594,461400,0.0,0.0
2015-01-12,75.55414796772476,75.87258989950807,74.73932534088495,74.80488586425781,764500,0.0,0.0
2015-01-13,75.15145180472632,75.58227932151735,74.48647843235989,75.00160217285156,738300,0.0,0.0
2015-01-14,73.30638699559432,73.68102182263574,72.58522084863073,73.43751525878906,1472300,0.0,0.0
2015-01-15,73.78404183940144,73.99009133831746,72.98794734905142,73.31575012207031,602900,0.0,0.0
2015-01-16,73.35320456361256,74.81427224083609,73.13778725823454,74.7580795288086,868100,0.0,0.0
2015-01-20,75.24510875864814,76.58442333908837,74.75808852283552,76.31282043457031,1019100,0.0,0.0
2015-01-21,75.95691247711385,76.8934958791635,75.76023082015114,76.8373031616211,1361400,0.0,0.0
2015-01-22,77.83008385470677,79.90930027272734,77.50228107383973,78.888427734375,1355900,0.0,0.0
2015-01-23,77.68020573465832,78.5793246663174,77.56781318861515,77.755126953125,856000,0.0,0.0
2015-01-26,77.91437145947347,78.49504856544701,77.03398082065694,77.49290466308594,832400,0.0,0.0
2015-01-27,76.56565863900268,77.1182391675066,75.95687827269963,76.49073028564453,777300,0.0,0.0
2015-01-28,76.97778661942446,77.30558935768602,75.179541184914,75.39495849609375,523300,0.0,0.0
2015-01-29,75.39494899823625,75.40431683116755,74.49582996702917,75.06714630126953,745700,0.0,0.0
2015-01-30,74.6363221133649,75.28255970237392,74.51456171666973,74.56139373779297,760300,0.0,0.0
2015-02-02,74.92665749110343,76.09738651440192,74.48646223505312,76.06929016113281,759700,0.0,0.0
2015-02-03,76.09738256873153,76.81854846564309,75.81640475948352,76.79981994628906,799200,0.0,0.0
2015-02-04,76.75298792956022,77.34303989986854,76.23787147335554,76.79981994628906,820900,0.0,0.0
2015-02-05,77.22127470488896,78.10166511650614,76.87474352670421,77.90498352050781,811800,0.0,0.0
2015-02-06,77.83942285077943,78.10166497831321,76.41581252193603,76.82791137695312,601400,0.0,0.0
2015-02-09,76.41580885111543,76.91220387788687,75.63845033771466,76.02244567871094,608800,0.0,0.0
2015-02-10,76.52952917107584,76.80184369284869,75.73136987020932,76.16331481933594,483700,0.21,0.0
2015-02-11,76.16332004545256,76.83941033016316,75.98490534140441,76.06002807617188,665500,0.0,0.0
2015-02-12,76.20085153336125,77.13986385745912,76.18206727498583,76.80181884765625,681000,0.0,0.0
2015-02-13,76.8487665763134,77.8253402709961,76.52950581902446,77.8253402709961,657500,0.0,0.0
2015-02-17,77.7690000290057,78.42630578714073,77.66570810071369,78.16338348388672,670500,0.0,0.0
2015-02-18,77.87231961609484,78.38877944099175,77.44976678779592,78.06951141357422,645000,0.0,0.0
2015-02-19,77.75023928023204,78.76436735396956,77.57182460947496,77.8441390991211,455000,0.0,0.0
2015-02-20,77.90047711581923,79.99447816924402,77.0459794554491,79.95691680908203,849500,0.0,0.0
2015-02-23,79.7597238680588,80.6048293849329,79.66581688698672,80.57666015625,663900,0.0,0.0
2015-02-24,80.70811360754101,81.09311213361376,80.37006856750995,81.03677368164062,479900,0.0,0.0
2015-02-25,80.89594826703332,81.35606249960881,80.68936431980799,80.78326416015625,394500,0.0,0.0
2015-02-26,80.75508764535607,81.55324696251965,80.30435842257424,80.77386474609375,434400,0.0,0.0
2015-02-27,80.84896661795347,80.96165068560056,80.28556060791016,80.28556060791016,537400,0.0,0.0
2015-03-02,80.06023430973339,81.1494854456778,80.06023430973339,80.35132598876953,510900,0.0,0.0
2015-03-03,79.8160803159289,80.23863316960916,79.25267412298909,79.62828063964844,454700,0.0,0.0
2015-03-04,79.28082589204249,79.32777938281772,78.54839728616874,78.76436614990234,543900,0.0,0.0
2015-03-05,78.8113328437315,79.29023130629942,78.40755711335034,79.2620620727539,517600,0.0,0.0
2015-03-06,79.33715451139373,79.88178341482289,78.93337889872673,79.41227722167969,602600,0.0,0.0
2015-03-09,79.41229433442857,79.68460884482487,78.89583454503946,79.3747329711914,632800,0.0,0.0
2015-03-10,78.70805580246633,79.32780771437602,77.84416571080381,78.66110229492188,632800,0.0,0.0
2015-03-11,79.48742322493621,81.58141744808465,78.85828646114528,81.50630187988281,1209800,0.0,0.0
2015-03-12,82.12603453589435,82.53920233919956,80.9522688802291,81.14007568359375,1202700,0.0,0.0
2015-03-13,81.14008176580842,81.67531865834896,80.65179120455537,81.46873474121094,801200,0.0,0.0
2015-03-16,81.96640363190424,83.9007671282666,81.33726696364423,83.85382080078125,1005200,0.0,0.0
2015-03-17,83.43125672779156,83.70357120443957,82.79272796008853,83.32796478271484,924700,0.0,0.0
2015-03-18,83.28103959183923,84.26699863946534,82.72701836727923,83.81627655029297,844600,0.0,0.0
2015-03-19,84.06040283324002,84.48296279181297,82.94298273696795,83.14956665039062,1410200,0.0,0.0
2015-03-20,83.60029515073755,84.94308352788555,83.33737275478096,84.5205307006836,1678400,0.0,0.0
2015-03-23,84.32332497839886,84.39844053334032,83.38431248271111,83.4406509399414,781300,0.0,0.0
2015-03-24,83.32799681417364,83.40311956021526,82.34203763775017,82.40776824951172,636200,0.0,0.0
2015-03-25,82.59554618194522,82.59554618194522,80.38886803827715,80.43582153320312,860500,0.0,0.0
2015-03-26,80.2104507245336,80.62361854122318,79.5907061635965,80.18228149414062,1026000,0.0,0.0
2015-03-27,80.26680222846953,80.34191779365345,79.54375849630424,79.61888122558594,746400,0.0,0.0
2015-03-30,80.18230741210215,80.52974474881395,79.90060068891965,80.12596893310547,701500,0.0,0.0
2015-03-31,79.69401293718444,80.32314974660875,79.69401293718444,80.19168853759766,515200,0.0,0.0
2015-04-01,80.24804211553207,80.44523396617004,78.8583070260551,80.04145812988281,628600,0.0,0.0
2015-04-02,80.2480246326566,80.57667764545266,78.99913601993313,79.03669738769531,672500,0.0,0.0
2015-04-06,78.64231546148119,80.45461030136643,78.47329288497018,79.60010528564453,987000,0.0,0.0
2015-04-07,79.55314023707744,80.0789849451668,79.45924041978961,79.52497100830078,694200,0.0,0.0
2015-04-08,79.78789958729477,80.92410394254551,79.57192354299544,80.90532684326172,746400,0.0,0.0
2015-04-09,80.67995966855399,81.29971141407171,80.6048369422917,81.1776351928711,788300,0.0,0.0
2015-04-10,81.48750634868706,82.3795725521948,81.27153747830629,82.32322692871094,661600,0.0,0.0
2015-04-13,82.58614674005995,82.80212276786587,82.16359397951831,82.37957000732422,1618800,0.0,0.0
2015-04-14,83.37492407758782,86.85865973257569,83.17773230437308,86.22013092041016,2465900,0.0,0.0
2015-04-15,86.81171184125493,87.79767793504149,85.95721410219114,86.10745239257812,1521200,0.0,0.0
2015-04-16,86.17317072438964,86.57694637073267,85.4689113759376,85.75061798095703,965000,0.0,0.0
2015-04-17,85.21540512059443,85.39381983154027,84.37029223203328,84.68016815185547,1108700,0.0,0.0
2015-04-20,86.58634525900605,86.65207585009436,85.29989550302385,85.91964721679688,1322300,0.0,0.0
2015-04-21,86.3797680241987,86.80232799733461,86.1731841036564,86.38916015625,586500,0.0,0.0
2015-04-22,86.7553619644332,86.7553619644332,85.6661112191111,86.18256378173828,643400,0.0,0.0
2015-04-23,86.15440951389739,86.53001600181842,85.60039549638972,85.89148712158203,798900,0.0,0.0
2015-04-24,86.1544124044742,86.1544124044742,85.21539973521563,85.3844223022461,729800,0.0,0.0
2015-04-27,85.40320315954787,85.45015666071511,83.68481534394282,83.81627655029297,961200,0.0,0.0
2015-04-28,83.39371483370364,84.37968102534819,83.02750045717241,83.69419860839844,977400,0.0,0.0
2015-04-29,83.64723204940574,83.64723204940574,82.43590511061976,82.44529724121094,570500,0.0,0.0
2015-04-30,82.23871102526745,82.88662473579039,81.5626209237684,81.88188171386719,743400,0.0,0.0
2015-05-01,82.18238965904209,83.02750253530466,82.09788195346506,82.75518798828125,680400,0.0,0.0
2015-05-04,82.86786466047033,83.93833848635596,82.83030329555005,82.90542602539062,654500,0.0,0.0
2015-05-05,82.77397555033328,82.96177523515892,81.637770979711,81.79740142822266,477200,0.0,0.0
2015-05-06,82.1738838093911,82.59745764268766,81.59970147804607,82.08916473388672,829700,0.21,0.0
2015-05-07,81.91033887928927,82.71984179985625,81.77856000211884,82.18331146240234,717800,0.0,0.0
2015-05-08,82.82338781478833,83.41639997527476,82.27744980068813,82.29627227783203,651300,0.0,0.0
2015-05-11,82.37155455065385,82.87984747471891,82.12681932467987,82.26801300048828,680800,0.0,0.0
2015-05-12,81.93857219274885,82.25860451326419,81.11965455507436,81.27967071533203,1027300,0.0,0.0
2015-05-13,81.29850770314489,81.62795488086365,80.50782729521,80.78079986572266,822800,0.0,0.0
2015-05-14,82.07978047523648,83.19990825704815,81.59031703711176,82.59748840332031,1023800,0.0,0.0
2015-05-15,82.69160547626123,83.44463379595152,82.40922524243508,83.4258041381836,687700,0.0,0.0
2015-05-18,83.2093040665836,83.83054625686603,82.95515398492435,83.74583435058594,417100,0.0,0.0
2015-05-19,83.94349924895224,84.03762597925675,83.2281231721015,83.35049438476562,386400,0.0,0.0
2015-05-20,83.24695659211133,83.47286219134125,81.6373657324553,81.67501068115234,796300,0.0,0.0
2015-05-21,81.54325564419067,81.61855992640842,80.78081953561772,81.40206909179688,788000,0.0,0.0
2015-05-22,81.14792326173404,81.36442128930159,80.1030996298369,80.23487854003906,639800,0.0,0.0
2015-05-26,79.9054155093091,80.18780293629843,79.20886895252215,79.75481414794922,888500,0.0,0.0
2015-05-27,79.7736350497176,80.52666338587792,79.39712088163743,80.31016540527344,620200,0.0,0.0
2015-05-28,80.3948896600509,80.58314316545861,79.15239067128076,79.62303161621094,533700,0.0,0.0
2015-05-29,78.71939511474122,79.22768815345684,78.04167824453067,79.08649444580078,1817600,0.0,0.0
2015-06-01,79.21828359643261,79.51949349985816,78.27700175055149,78.73822784423828,829100,0.0,0.0
2015-06-02,78.58760640122078,79.91481703312112,78.46524236665078,79.68891143798828,898600,0.0,0.0
2015-06-03,79.9054081614833,81.13848497103201,79.57596098123096,80.4984130859375,792300,0.0,0.0
2015-06-04,80.47958496270837,80.85609907717837,79.99012164088398,80.4325180053711,728500,0.0,0.0
2015-06-05,80.2725225761575,81.27027913303898,80.15957333962677,81.0161361694336,535500,0.0,0.0
2015-06-08,80.76197570436292,81.07259321892153,79.82069396972656,79.82069396972656,439300,0.0,0.0
2015-06-09,80.09368062890562,80.53608431072865,79.70775874952297,79.8677749633789,476800,0.0,0.0
2015-06-10,81.00668779387301,81.68441165805271,80.70547798550518,81.11964416503906,717100,0.0,0.0
2015-06-11,81.15732094703674,82.35274571743503,81.0443645415508,81.82563018798828,898700,0.0,0.0
2015-06-12,81.4208747959429,81.5055867099254,80.63020153979905,81.1949691772461,640000,0.0,0.0
2015-06-15,80.79022557982596,80.79022557982596,79.83952886910257,80.42312622070312,414800,0.0,0.0
2015-06-16,80.15956404688764,80.59255282668617,79.84893931961571,80.31016540527344,392100,0.0,0.0
2015-06-17,80.45136218789838,80.45136218789838,79.89600215295717,80.20662689208984,595700,0.0,0.0
2015-06-18,80.31957501570787,81.60912644222675,79.95247570056937,81.2514419555664,459100,0.0,0.0
2015-06-19,81.46794945943988,82.71984890001416,81.01613099792414,81.947998046875,774900,0.0,0.0
2015-06-22,82.2397924678531,82.87044954277302,81.69384730684328,82.47511291503906,536700,0.0,0.0
2015-06-23,82.26804546465853,82.48453629577435,81.96683552206281,82.44688415527344,583200,0.0,0.0
2015-06-24,82.33391730811351,82.46569618098007,79.1806248249609,79.980712890625,1314600,0.0,0.0
2015-06-25,80.00896444785711,80.34782651885504,78.90766630781941,78.99237823486328,1066300,0.0,0.0
2015-06-26,79.14297441127073,79.30299059159665,78.81352722194968,78.89823913574219,689600,0.0,0.0
2015-06-29,78.69115495206104,80.16896705152352,78.08873519058653,78.17345428466797,2434800,0.0,0.0
2015-06-30,78.95472428254149,79.28417869724294,77.24159148802056,77.26982879638672,19062300,0.0,0.0
2015-07-01,77.64632903218589,78.64409256393296,77.42983825270997,78.00402069091797,1750500,0.0,0.0
2015-07-02,78.04167113458867,78.44641538149959,77.09097458315489,77.28864288330078,1104600,0.0,0.0
2015-07-06,76.82741913101113,78.20168962622219,76.46031982249495,77.20392608642578,789500,0.0,0.0
2015-07-07,77.12862688530642,78.61584655372094,77.01567049293926,78.55937194824219,1119000,0.0,0.0
2015-07-08,78.09814943699874,78.23934313847533,77.03449644309704,77.42042541503906,1119600,0.0,0.0
2015-07-09,79.06767196943811,79.72656636328597,78.73822477251417,79.08649444580078,1316300,0.0,0.0
2015-07-10,79.38768786232963,80.06541177330395,79.06765556070775,79.65125274658203,904200,0.0,0.0
2015-07-13,80.22545663323716,80.92200320357941,79.77363817754362,80.71492004394531,1010500,0.0,0.0
2015-07-14,80.71491396953188,80.93141194233186,79.94306318442658,80.15956115722656,688200,0.0,0.0
2015-07-15,80.15013884204062,80.45134870122983,79.23709443660188,79.63243103027344,766400,0.0,0.0
2015-07-16,79.89600648106521,80.64903488677172,79.6701008319177,79.81129455566406,1286500,0.0,0.0
2015-07-17,78.87000042665319,81.25144215743612,78.24875101093069,79.71715545654297,2274900,0.0,0.0
2015-07-20,79.66066567336391,80.00894247887341,78.62525726580152,78.7005615234375,1041500,0.0,0.0
2015-07-21,78.34289519451912,79.60420948535483,78.06992258349999,79.3594741821289,1859100,0.0,0.0
2015-07-22,79.20887619388336,79.56656074354724,78.31465404760677,78.48408508300781,1213000,0.0,0.0
2015-07-23,78.29581838172528,78.29581838172528,76.5167964003527,76.893310546875,1994700,0.0,0.0
2015-07-24,77.10041677429926,77.60870276568937,76.87450390989011,77.3922119140625,1223400,0.0,0.0
2015-07-27,77.24157913338482,77.59927079924034,77.06274048186698,77.17568969726562,862300,0.0,0.0
2015-07-28,77.32629955898966,78.72880739850324,77.21334316023437,78.15462493896484,952800,0.0,0.0
2015-07-29,77.89039924708483,79.53238042947888,77.72053862824274,79.40970611572266,828500,0.21,0.0
2015-07-30,78.60759693280477,79.69281005859375,78.39054998787496,79.69281005859375,581300,0.0,0.0
2015-07-31,79.68337471019487,80.13633158265976,79.21154043493246,79.38140106201172,666200,0.0,0.0
2015-08-03,79.54182462359259,80.04196781371782,79.1266081489438,79.65506744384766,558000,0.0,0.0
2015-08-04,79.33422382794227,80.07972293207256,79.16436318143637,79.768310546875,590900,0.0,0.0
2015-08-05,80.0513970404135,80.91957029408582,79.47575870491755,79.49462890625,598600,0.0,0.0
2015-08-06,78.99448217933363,79.13603388154972,77.14489294933442,77.5223617553711,934900,0.0,0.0
2015-08-07,77.41857743692844,77.56956067815354,75.4179972934475,75.83321380615234,1651500,0.0,0.0
2015-08-10,76.47490897541032,76.6258922170202,75.64448314750467,76.0030746459961,1032800,0.0,0.0
2015-08-11,75.72938939809994,76.63531020171176,75.4651633969988,75.92755889892578,1670400,0.0,0.0
2015-08-12,75.3330704920741,76.04082198365776,74.6536279082145,75.88983154296875,1151900,0.0,0.0
2015-08-13,75.92757646988473,76.18237102963796,75.35193803443659,75.56898498535156,679100,0.0,0.0
2015-08-14,75.72939557817945,75.96531269836069,75.20094353285158,75.82376098632812,756800,0.0,0.0
2015-08-17,75.84264852866102,75.9370139494273,75.0971494652532,75.63504028320312,520100,0.0,0.0
2015-08-18,75.63501942220205,75.98417210269902,75.15374654952842,75.44628143310547,730600,0.0,0.0
2015-08-19,74.93672173042029,75.44629640304478,74.27614943693968,74.99333953857422,1198700,0.0,0.0
2015-08-20,74.5970091316127,75.10658386332123,73.65334048832662,73.67221069335938,878900,0.0,0.0
2015-08-21,72.74739880846455,73.27585804676613,71.78486013806153,71.88866424560547,1434900,0.0,0.0
2015-08-24,69.14259278024738,72.02078479127648,67.45343237990814,70.52035522460938,1847900,0.0,0.0
2015-08-25,71.83207359818039,72.08686101326464,68.19894285983979,68.26499938964844,1886400,0.0,0.0
2015-08-26,69.76539995694837,69.85032665087076,67.6987640094208,68.7651138305664,2087900,0.0,0.0
2015-08-27,69.23695133439293,69.8220211197184,68.52920005243983,69.36906433105469,1375900,0.0,0.0
2015-08-28,69.28413043341878,69.8597687187101,69.1142698377653,69.36906433105469,793200,0.0,0.0
2015-08-31,69.10486153029123,69.40683522395308,68.59527957230796,68.68020629882812,987700,0.0,0.0
2015-09-01,67.86862631338211,68.23665639558983,66.92495795908162,67.49115753173828,1264400,0.0,0.0
2015-09-02,68.08569777849493,69.89753994483482,67.72709906666755,69.87866973876953,1661200,0.0,0.0
2015-09-03,70.22781847960863,71.43571318719131,69.8692269881764,71.10543060302734,1643800,0.0,0.0
2015-09-04,70.07682949144157,71.01105935274695,70.00133427850665,70.46372985839844,1534000,0.0,0.0
2015-09-08,71.5112135006395,72.44544350514751,71.28473502673896,72.32276916503906,774000,0.0,0.0
2015-09-09,72.35106689505119,72.7757220675729,70.99218906199306,71.32247161865234,1078300,0.0,0.0
2015-09-10,71.44513053297086,71.97358250966731,71.26583124104106,71.4356918334961,1006000,0.0,0.0
2015-09-11,72.15289563338014,72.66247750843259,71.56781854729334,72.24726104736328,1390000,0.0,0.0
2015-09-14,72.24726557838231,72.29445188814299,71.30359698012917,71.58670043945312,723600,0.0,0.0
2015-09-15,71.80371128402172,73.79485180086449,71.5394853348019,73.63442993164062,1289200,0.0,0.0
2015-09-16,73.42684757842451,74.27615071342714,73.17206023773356,74.06854248046875,988500,0.0,0.0
2015-09-17,73.95530005999936,74.48375209556438,73.48346582835373,73.60614013671875,711600,0.0,0.0
2015-09-18,72.84179555991639,73.9553250102555,72.4360176958194,72.96446990966797,873000,0.0,0.0
2015-09-21,73.11546342091017,74.05913224193594,72.80405098206245,73.28532409667969,616800,0.0,0.0
2015-09-22,72.55866498490894,72.65303038795682,71.17147124128714,71.39795684814453,865300,0.0,0.0
2015-09-23,71.27528131329967,71.46401933481957,70.66189534269388,71.12429809570312,565600,0.0,0.0
2015-09-24,70.52980726273178,70.72797685567456,69.21810814780925,69.39740753173828,821700,0.0,0.0
2015-09-25,69.89752144317325,70.24668135973603,69.26526531284125,69.61441802978516,766200,0.0,0.0
2015-09-28,69.39739564560581,69.64275151849212,67.69878914042476,67.77428436279297,1052900,0.0,0.0
2015-09-29,68.11399649104,68.42540884165597,67.3118796603544,67.72708892822266,1025900,0.0,0.0
2015-09-30,68.08569645370886,68.39710884488252,66.92498081370731,67.37794494628906,944800,0.0,0.0
2015-10-01,67.23639846230178,67.75541915484172,67.08540800642791,67.73654174804688,844100,0.0,0.0
2015-10-02,67.00990077298509,68.51033020019531,66.604123038647,68.51033020019531,943400,0.0,0.0
2015-10-05,68.85950856950488,69.45401727917708,68.26499266021162,69.11429595947266,1135300,0.0,0.0
2015-10-06,69.1142674501726,69.55779272348029,68.85948016530334,69.50117492675781,612700,0.0,0.0
2015-10-07,69.61442169929653,70.4542932833874,69.49174738682535,70.21837615966797,755800,0.0,0.0
2015-10-08,69.8692269881764,71.25642104128536,69.8692269881764,71.10543060302734,870500,0.0,0.0
2015-10-09,71.36965362219854,72.05853486799336,71.0771186600931,71.81317901611328,1162100,0.0,0.0
2015-10-12,71.81317366374599,71.92641647916277,70.57697019382913,71.45458221435547,1178300,0.0,0.0
2015-10-13,70.70908765000628,70.97331370294319,68.51033811009282,68.62358093261719,1752800,0.0,0.0
2015-10-14,68.88780542472432,71.6527546153727,68.10455878582212,70.86006927490234,2423500,0.0,0.0
2015-10-15,71.20922787674542,71.20922787674542,70.00133328540208,70.69964599609375,1024300,0.0,0.0
2015-10-16,71.03937522654675,71.70937910792605,70.18064049393573,71.09599304199219,903000,0.0,0.0
2015-10-19,71.11486626804543,72.18120919412337,70.86007171427225,71.81317901611328,1066800,0.0,0.0
2015-10-20,71.90754778093955,72.68135578090548,71.80374365414727,72.58699035644531,765600,0.0,0.0
2015-10-21,73.03993971658247,73.63444825022734,72.62472329330221,72.81346130371094,696200,0.0,0.0
2015-10-22,72.9549979186214,73.05880201321038,72.20949905730888,72.64359283447266,749400,0.0,0.0
2015-10-23,73.71939128762462,74.09685295596644,72.60586208692862,74.05911254882812,1164200,0.0,0.0
2015-10-26,73.88925630492221,74.02136933660918,73.25699285371147,73.51178741455078,603800,0.0,0.0
2015-10-27,72.7662676743302,73.07767996043411,71.04879155044854,71.4356918334961,1212900,0.0,0.0
2015-10-28,71.78486497680998,72.2095129365725,70.40710978336193,71.62444305419922,1174000,0.0,0.0
2015-10-29,71.42629842964938,73.37969268493764,71.26586925148423,72.63419342041016,887900,0.0,0.0
2015-10-30,72.5586824389328,73.04939417221266,71.97360527990543,72.06797790527344,630500,0.0,0.0
2015-11-02,72.15291349808213,72.87954248486314,72.15291349808213,72.28502655029297,1065000,0.0,0.0
2015-11-03,72.01133459292149,72.34162429854591,71.53950038445078,71.63387298583984,959700,0.0,0.0
2015-11-04,71.89883251820125,71.89883251820125,70.91469395093895,71.37837219238281,639700,0.21,0.0
2015-11-05,71.5392239693893,71.92720471547295,70.72541738844325,70.88629150390625,611400,0.0,0.0
2015-11-06,70.54566097241488,72.51393139184106,70.42263910773056,72.46662139892578,1717300,0.0,0.0
2015-11-09,72.08807161134634,72.65584179769276,70.02516773260231,70.88629150390625,1323600,0.0,0.0
2015-11-10,71.89882815492979,73.0154461519841,70.49832141200429,71.52976989746094,1980700,0.0,0.0
2015-11-11,71.88938131203305,71.89884619782814,70.42263445627196,70.71598815917969,1115100,0.0,0.0
2015-11-12,70.33747313663034,70.78222892058052,69.93056967680279,70.11035919189453,1016300,0.0,0.0
2015-11-13,70.08195999671555,70.75382239309695,69.75076124069535,70.16712951660156,962400,0.0,0.0
2015-11-16,69.85486010212908,71.11342271697578,69.38171691335292,71.056640625,854300,0.0,0.0
2015-11-17,71.09449523517989,72.4476850874263,70.68759179094937,71.81367492675781,742700,0.0,0.0
2015-11-18,72.05971579620274,73.39397595845206,71.00933724186532,73.37505340576172,998000,0.0,0.0
2015-11-19,73.4129164338087,74.0185392824942,72.90192080155647,73.43183898925781,634400,0.0,0.0
2015-11-20,73.79139241183654,74.2645354564327,71.61493151885824,73.30878448486328,500900,0.0,0.0
2015-11-23,73.01545734376016,73.56429793319809,72.81673085943518,73.1100845336914,456600,0.0,0.0
2015-11-24,72.58017899259177,73.38452837450362,72.35307223114057,73.19526672363281,439300,0.0,0.0
2015-11-25,73.49807086938638,73.97121412033326,72.77889832605412,73.8765869140625,475000,0.0,0.0
2015-11-27,73.76303380626678,74.8891171128931,73.6589417080277,74.75663757324219,309000,0.0,0.0
2015-11-30,74.99318088715701,75.35276704188504,73.93333775064548,74.03742980957031,1096100,0.0,0.0
2015-12-01,74.13205706709408,75.0688855984541,73.52643447972902,74.97425842285156,660400,0.0,0.0
2015-12-02,74.58630639291677,75.44743062818144,73.28043353877649,73.81981658935547,1240300,0.0,0.0
2015-12-03,73.80086110167213,73.83871341724635,72.31519200844066,72.87350463867188,1468600,0.0,0.0
2015-12-04,72.71265311581067,74.2929570994562,72.06918520961827,73.46022033691406,1247200,0.0,0.0
2015-12-07,73.48859273688217,73.69676964486614,71.30266661693554,71.63386535644531,688600,0.0,0.0
2015-12-08,70.88632310433647,71.08504239716535,69.57097826583374,69.7413101196289,673100,0.0,0.0
2015-12-09,69.02213451068427,70.67813576309345,68.97481730134986,70.22391510009766,1105300,0.0,0.0
2015-12-10,70.0062584859972,70.79167057016485,69.58042535065759,69.82646179199219,869200,0.0,0.0
2015-12-11,69.10728185860253,69.6845170334364,68.79500567164172,69.23976135253906,723000,0.0,0.0
2015-12-14,69.52367099255703,69.66561541286892,68.37866518266918,69.60883331298828,649600,0.0,0.0
2015-12-15,70.07250968564212,70.72544238186279,68.8896517045853,69.04105377197266,1037000,0.0,0.0
2015-12-16,69.43849650442318,70.08197157366973,68.39758286229886,70.01573181152344,889100,0.0,0.0
2015-12-17,70.22391710409963,70.94309683286956,68.53006347980339,68.68147277832031,867800,0.0,0.0
2015-12-18,67.80140237549926,68.35970772446629,65.9466824347894,66.82672882080078,2639200,0.0,0.0
2015-12-21,66.94030246940089,67.87713126725292,66.82675271421357,67.25257873535156,725100,0.0,0.0
2015-12-22,67.64056995702941,68.37867235657708,67.10118687892967,68.29350280761719,421600,0.0,0.0
2015-12-23,68.79501188486367,69.3154722434704,67.9622825306845,68.7666244506836,439300,0.0,0.0
2015-12-24,68.59630876744156,69.54259530060375,68.30296225243113,69.05052947998047,269900,0.0,0.0
2015-12-28,68.70040346464631,69.34387862034224,67.97176598314635,68.96536254882812,375300,0.0,0.0
2015-12-29,69.34385154680338,69.62774029450024,68.77608127100042,69.5615005493164,406600,0.0,0.0
2015-12-30,69.45742839792324,69.45742839792324,68.8328758618151,69.1072998046875,357100,0.0,0.0
2015-12-31,68.91804785996305,70.21445575067362,68.69093390076112,69.4195785522461,585400,0.0,0.0
2016-01-04,67.9906739907041,68.39757741709234,66.78889348184134,67.48914337158203,827400,0.0,0.0
2016-01-05,67.51753720172943,68.27456925447918,67.26204303519219,68.18939971923828,999300,0.0,0.0
2016-01-06,67.1768659764307,67.87712307365588,66.69426513595485,67.11062622070312,595300,0.0,0.0
2016-01-07,66.11703211989574,66.17380699255527,64.7449125340225,65.21805572509766,843300,0.0,0.0
2016-01-08,65.27483452661703,65.77636512873804,64.39478794679977,64.52726745605469,810800,0.0,0.0
2016-01-11,65.17075861486256,65.69121189612653,63.37281268960166,63.732398986816406,1358200,0.0,0.0
2016-01-12,65.37892408914992,66.6280290713699,63.741852655650646,64.07305145263672,1896300,0.0,0.0
2016-01-13,64.25286110287915,66.70373991312522,61.89660950800588,62.19942092895508,1430600,0.0,0.0
2016-01-14,62.691468309383836,63.16461146643579,61.13009444719406,62.03852844238281,2220000,0.0,0.0
2016-01-15,60.58125490218098,62.000684566632756,60.164893776598106,61.68841552734375,2041900,0.0,0.0
2016-01-19,62.483290255489734,62.70093930556854,61.073325531529115,61.76411056518555,1224100,0.0,0.0
2016-01-20,60.9124487776921,62.66307690392273,60.55285899037821,62.18993377685547,2022100,0.0,0.0
2016-01-21,64.33802551517356,64.94364837669211,62.46438204347364,63.39173889160156,2649300,0.0,0.0
2016-01-22,64.04466850295073,65.25591402798925,63.84594921083592,64.5556640625,1689100,0.0,0.0
2016-01-25,65.00040928741306,66.11702742789319,64.36639196947543,65.13288879394531,1778600,0.0,0.0
2016-01-26,65.1991381542484,67.99068030698423,65.1991381542484,67.55538940429688,1655900,0.0,0.0
2016-01-27,67.64057240337135,68.40706227376249,65.8426263381483,66.21167755126953,1287700,0.0,0.0
2016-01-28,66.60911835062905,67.12957890873967,65.47357723059868,66.47663879394531,934600,0.0,0.0
2016-01-29,66.47660743058982,68.82340044959936,66.47660743058982,68.79500579833984,1539300,0.0,0.0
2016-02-01,68.17994251986508,69.49528012534441,68.11370275626514,69.36280059814453,1037400,0.0,0.0
2016-02-02,69.2303120779105,69.79808243781257,67.55538121366875,67.81088256835938,1099900,0.0,0.0
2016-02-03,68.16101775837603,68.71933056655554,67.25258355382663,68.41651916503906,844500,0.0,0.0
2016-02-04,68.3880999343162,71.14179621904759,68.3880999343162,70.99038696289062,1413500,0.0,0.0
2016-02-05,70.6308125458481,71.04718084987826,70.03465474474373,70.74436950683594,983000,0.0,0.0
2016-02-08,70.3753012046385,71.29319267477226,69.12620381748593,71.16071319580078,1149000,0.0,0.0
2016-02-09,70.52672449918074,71.984006426952,70.49833706220993,71.08503723144531,1015600,0.0,0.0
2016-02-10,71.55006635204263,72.51811747241402,69.40517572845614,69.5570297241211,1215600,0.22,0.0
2016-02-11,68.96862659914032,69.71838963104952,67.89618459291027,69.25334930419922,1051000,0.0,0.0
2016-02-12,70.07900168335645,70.8762205668465,70.01256737979863,70.63895416259766,1047600,0.0,0.0
2016-02-16,71.21791673450144,72.11952657901762,70.12648933690866,71.70194244384766,785200,0.0,0.0
2016-02-17,72.0056133976933,73.59055129376249,71.78732511246876,73.16346740722656,1059500,0.0,0.0
2016-02-18,73.16347931833778,73.65699759101855,72.69843910203268,73.41973114013672,1529900,0.0,0.0
2016-02-19,72.91675324883649,73.51466231014221,71.73042057424577,72.8503189086914,1268600,0.0,0.0
2016-02-22,73.82783530284955,74.79587930963056,73.08756507869971,73.39126586914062,766400,0.0,0.0
2016-02-23,73.33432085610076,73.56210189152934,72.12901031701767,72.26187896728516,682400,0.0,0.0
2016-02-24,71.84429658739776,72.21443176505126,70.6674567210328,71.939208984375,748300,0.0,0.0
2016-02-25,72.11003823765392,73.24891454720486,71.78735203077514,73.22044372558594,648300,0.0,0.0
2016-02-26,73.55259590016587,74.56809596683306,73.44819808801155,74.0745849609375,678100,0.0,0.0
2016-02-29,74.08407923796106,74.10306461014201,72.40423583984375,72.40423583984375,913400,0.0,0.0
2016-03-01,72.72692577894077,74.0935831511355,72.64151331357812,73.73294067382812,837100,0.0,0.0
2016-03-02,73.76141037835316,74.1220528501979,73.07808170260617,73.38178253173828,627100,0.0,0.0
2016-03-03,73.47665914075726,74.7104473527837,73.47665914075726,74.5206298828125,658200,0.0,0.0
2016-03-04,74.64401455488064,76.03914221394052,73.75189053000234,75.34632110595703,673300,0.0,0.0
2016-03-07,74.7294238432013,75.92524853505122,74.54910630167181,75.87779235839844,1101000,0.0,0.0
2016-03-08,75.33685422702898,75.47921557094405,74.11255825463736,74.30237579345703,804100,0.0,0.0
2016-03-09,74.61556753339757,75.74495108921171,74.17899806565785,75.69750213623047,751700,0.0,0.0
2016-03-10,76.10558557893448,77.12108565206866,75.7639213262167,76.84585571289062,1286300,0.0,0.0
2016-03-11,77.1970107540345,78.25047439937742,75.99170034185889,78.1650619506836,1437800,0.0,0.0
2016-03-14,77.71900356223509,78.50672997260499,77.29192681679491,77.94677734375,1211100,0.0,0.0
2016-03-15,77.61461051202768,77.68104483742312,76.98823076412758,77.5671615600586,715500,0.0,0.0
2016-03-16,77.17804426373743,78.59215052928626,77.17804426373743,78.22201538085938,592700,0.0,0.0
2016-03-17,78.27894264048045,80.30044998818437,77.96574921961461,80.15808868408203,944900,0.0,0.0
2016-03-18,80.3479295182329,82.45484991617312,79.33242196624352,82.29351043701172,1833500,0.0,0.0
2016-03-21,81.800000655496,82.5118001537421,81.42037280827165,81.97083282470703,1031200,0.0,0.0
2016-03-22,81.62914992855654,82.46432520994065,81.24002948239526,81.35391998291016,519800,0.0,0.0
2016-03-23,81.20207022489267,82.00878197429395,80.56619785558844,81.64813232421875,660300,0.0,0.0
2016-03-24,81.14513998000443,81.77152699227555,80.92685162217698,81.62916564941406,541200,0.0,0.0
2016-03-28,81.63864788090822,81.67661138689627,79.37038089391083,79.86389923095703,921500,0.0,0.0
2016-03-29,77.94678778054596,80.19607680167097,77.30142261251002,80.14862060546875,1148500,0.0,0.0
2016-03-30,80.33843392493466,80.47130257835535,79.48427312380275,79.85440826416016,593100,0.0,0.0
2016-03-31,80.03471472483423,80.60415271450512,79.22801030273408,79.94929504394531,588500,0.0,0.0
2016-04-01,79.37987226656539,80.23403303516079,78.68705820594786,80.18657684326172,746200,0.0,0.0
2016-04-04,80.50925985839024,80.91735847399006,79.88287290574019,80.00625610351562,414400,0.0,0.0
2016-04-05,79.59816199829336,79.91134825156689,76.87434017789533,78.71553039550781,687900,0.0,0.0
2016-04-06,78.63012595144458,79.16160789804637,77.28245380984681,78.95281219482422,590000,0.0,0.0
2016-04-07,78.57316516746143,79.40834053616655,77.62409928633369,78.49723815917969,795800,0.0,0.0
2016-04-08,79.11411544261507,80.20554241971935,78.5446774843683,78.74398040771484,518000,0.0,0.0
2016-04-11,79.36091091272212,80.10118132174625,78.53522078837992,78.95281219482422,888700,0.0,0.0
2016-04-12,79.3039300581058,80.19605416109489,78.67755044170691,79.94929504394531,565400,0.0,0.0
2016-04-13,80.37639959107055,82.42637832806174,80.37639959107055,81.98031616210938,988200,0.0,0.0
2016-04-14,81.9802950555302,82.21756148775472,81.07868550939577,81.2590103149414,492400,0.0,0.0
2016-04-15,80.99330037552325,82.23658193443187,79.93984362863726,81.07872009277344,1024000,0.0,0.0
2016-04-18,79.83543345193182,83.35646739563529,78.34540014162282,82.8060073852539,1867100,0.0,0.0
2016-04-19,83.65066019133955,84.87495595919236,83.2805251034768,83.95436096191406,1222900,0.0,0.0
2016-04-20,83.99231875620023,84.61870562589684,83.59371287955531,84.41939544677734,866400,0.0,0.0
2016-04-21,84.1536941303118,84.1536941303118,81.38242269865685,81.54376220703125,1366300,0.0,0.0
2016-04-22,81.54374594737769,82.79651273112124,81.40138460451618,81.62916564941406,674400,0.0,0.0
2016-04-25,81.33494375404337,81.78100588019849,80.12014057520275,80.63263702392578,558100,0.0,0.0
2016-04-26,80.72754302205261,81.64813810227014,80.30046626397971,81.18309783935547,682100,0.0,0.0
2016-04-27,80.86990041149306,82.01826922396418,80.42383830235183,81.87590789794922,830400,0.0,0.0
2016-04-28,81.61965473950335,81.8664138626506,80.10115098320688,80.37638092041016,478700,0.0,0.0
2016-04-29,79.75948911766697,80.10115337814872,78.36436126083272,78.6585693359375,973800,0.0,0.0
2016-05-02,79.02872402249051,79.52224240600846,78.25049017844981,79.15210723876953,600700,0.0,0.0
2016-05-03,78.44029608347171,79.42732546320504,77.09262427761963,79.37037658691406,1033100,0.0,0.0
2016-05-04,78.96121529466659,79.69392038323846,78.30463022446158,78.31414794921875,815100,0.22,0.0
2016-05-05,78.61864391105364,79.27522167216087,77.73368433226918,78.199951171875,824300,0.0,0.0
2016-05-06,78.00964031267128,79.11345672607422,77.19129028174842,79.11345672607422,677300,0.0,0.0
2016-05-09,78.91361585617925,80.14114071241262,77.39110693910905,79.85566711425781,1098100,0.0,0.0
2016-05-10,79.93181045300379,81.53996467695139,79.93181045300379,81.18788146972656,778600,0.0,0.0
2016-05-11,80.91192226236076,81.23545954290661,79.02781944351591,79.31328582763672,575800,0.0,0.0
2016-05-12,79.76053747225048,80.00794752003358,78.49494857616092,78.77090454101562,410200,0.0,0.0
2016-05-13,78.33317487096507,78.33317487096507,76.57277333401684,77.0009765625,899500,0.0,0.0
2016-05-16,77.24837658439587,78.15236428747501,76.95339249895031,77.1532211303711,648700,0.0,0.0
2016-05-17,77.03902964142063,78.77088502707403,76.55372739173492,77.41014099121094,817500,0.0,0.0
2016-05-18,77.37207086663753,77.37207086663753,75.80198786920155,75.94471740722656,902700,0.0,0.0
2016-05-19,75.59264133715295,76.43001941760267,75.35474909453593,76.20164489746094,829700,0.0,0.0
2016-05-20,76.62032670187227,77.76221376863217,76.0493867984397,77.34352111816406,589000,0.0,0.0
2016-05-23,77.41969064580748,77.46727202202915,76.73455948364833,77.09615325927734,425000,0.0,0.0
2016-05-24,77.55289129397615,77.93352043328794,76.75357663532867,76.82969665527344,656000,0.0,0.0
2016-05-25,76.98194646984584,77.75271516601728,76.44906280369709,77.35305786132812,634800,0.0,0.0
2016-05-26,77.51481416780777,77.89544324089664,76.77259146822713,77.41014099121094,452400,0.0,0.0
2016-05-27,77.67657824919633,78.37122684389114,77.5433591641692,78.16188049316406,314700,0.0,0.0
2016-05-31,78.10479486883673,78.9041094423983,78.10479486883673,78.71379852294922,628000,0.0,0.0
2016-06-01,78.466385484162,78.48542093130823,76.5442191364618,78.20946502685547,330500,0.0,0.0
2016-06-02,77.78125528769823,78.54251346271579,76.94387710309573,77.93350982666016,523600,0.0,0.0
2016-06-03,77.72417316813625,78.11431276811074,76.2587557172263,78.03819274902344,500300,0.0,0.0
2016-06-06,78.31413971839746,78.74234290880716,77.9335106269799,78.57106018066406,578400,0.0,0.0
2016-06-07,78.49493430403837,79.47504933141016,78.47590611608288,78.95169067382812,478100,0.0,0.0
2016-06-08,79.11346328549577,79.74150244683698,79.02782554162027,79.1705551147461,521600,0.0,0.0
2016-06-09,78.69475195986242,78.9040982976251,76.9438685165658,77.77173614501953,587900,0.0,0.0
2016-06-10,76.67744593852716,77.68610694184224,76.0969881604203,77.0390396118164,769200,0.0,0.0
2016-06-13,77.05807252781428,77.28644708975838,75.92570292251828,76.51567840576172,647900,0.0,0.0
2016-06-14,76.4395390783075,76.68694178977798,74.82186743155637,75.39281463623047,747400,0.0,0.0
2016-06-15,75.83053684934313,77.02950857670434,75.49748188740293,76.23019409179688,665400,0.0,0.0
2016-06-16,75.62118752038383,75.65925115052875,74.35559904267234,75.48796844482422,845900,0.0,0.0
2016-06-17,75.5260357365282,76.37293158359897,75.24056212654897,75.95423889160156,682200,0.0,0.0
2016-06-20,76.61084878237224,77.72418315597035,76.61084878237224,76.9914779663086,629400,0.0,0.0
2016-06-21,73.91788064210014,76.90580673875898,73.69901657646797,76.24922180175781,1116900,0.0,0.0
2016-06-22,76.1255211247305,76.13503884764181,75.14540620183286,75.75440979003906,672100,0.0,0.0
2016-06-23,76.54423399070053,76.83921813964844,76.02086799105359,76.83921813964844,420300,0.0,0.0
2016-06-24,74.27949614334887,75.68782188100948,73.9464483452223,74.46029663085938,991400,0.0,0.0
2016-06-27,75.04074874550177,75.04074874550177,72.04330427147272,73.1947021484375,1302700,0.0,0.0
2016-06-28,73.74660827798058,74.57447604253481,73.24227779585652,74.46980285644531,714200,0.0,0.0
2016-06-29,75.25008788186912,76.38245019989432,73.87982602353702,75.93521881103516,550200,0.0,0.0
2016-06-30,76.23971418794686,77.01048278808594,75.19298243480041,77.01048278808594,905200,0.0,0.0
2016-07-01,77.00096869189326,77.98108368882815,76.76307642040825,77.47675323486328,566700,0.0,0.0
2016-07-05,77.03904034645886,77.48627902499261,75.98279797031648,76.7630844116211,704400,0.0,0.0
2016-07-06,76.6013036747362,77.74318355847603,75.50699788454664,77.73367309570312,798000,0.0,0.0
2016-07-07,78.00011854912475,78.90410627000674,77.60997174207517,78.44735717773438,889400,0.0,0.0
2016-07-08,78.96121805067078,81.73028074011671,78.69477256744798,80.88338470458984,1141000,0.0,0.0
2016-07-11,81.12128089449288,81.5209382486065,80.54082305451469,80.87387084960938,559000,0.0,0.0
2016-07-12,81.12127191807825,81.73027560740465,80.7406427972751,81.18788146972656,531200,0.0,0.0
2016-07-13,81.53995360528215,81.7397822330939,80.50273957342611,81.397216796875,673300,0.0,0.0
2016-07-14,81.96816410395537,82.39636730759074,80.93095723920044,81.17835998535156,703400,0.0,0.0
2016-07-15,81.49240311699963,81.50192084380409,80.38858638432991,81.14031982421875,1146100,0.0,0.0
2016-07-18,78.93265900288691,79.3037703948941,77.33402252197266,77.33402252197266,2499200,0.0,0.0
2016-07-19,77.03902705333971,77.68609427788422,76.3063221016724,76.88677978515625,1776100,0.0,0.0
2016-07-20,77.28645191686078,77.68610924019862,77.06758780556805,77.60047149658203,1322000,0.0,0.0
2016-07-21,77.04857606744103,77.92401817974479,76.3539272057858,77.50532531738281,780700,0.0,0.0
2016-07-22,77.68610348049022,79.42747673722285,77.58143029501036,79.31328582763672,891900,0.0,0.0
2016-07-25,78.96119545841839,79.25617951271475,78.61863005218616,78.79942321777344,749500,0.0,0.0
2016-07-26,79.45604644684833,80.236333079643,78.90413444172812,80.16972351074219,870000,0.0,0.0
2016-07-27,80.13164204654237,80.32196024387163,79.05637145624544,79.1705551147461,769300,0.0,0.0
2016-07-28,78.97072317986037,79.64633641761324,78.70428497453773,79.14200592041016,432900,0.0,0.0
2016-07-29,78.80896635107808,79.58925285911262,78.37124535973162,79.10395050048828,587800,0.0,0.0
2016-08-01,78.86603001908935,79.37987811061494,78.2760619309596,78.51395416259766,878300,0.0,0.0
2016-08-02,78.34269159635768,78.4759106995154,77.28644923568109,77.53385925292969,603100,0.0,0.0
2016-08-03,77.44798915811631,78.14451858214693,77.3907427570777,77.99185180664062,446700,0.22,0.0
2016-08-04,77.91551439990172,78.4402899856137,77.28577496158559,77.572021484375,547600,0.0,0.0
2016-08-05,77.99183641238659,78.70744540233025,77.64834351484953,78.26853942871094,619900,0.0,0.0
2016-08-08,78.37350657106661,78.4689196600228,77.95368024419689,78.11589050292969,577700,0.0,0.0
2016-08-09,78.29717800117754,78.46892448367714,77.94414882238296,78.36396789550781,677000,0.0,0.0
2016-08-10,78.36395162252651,78.47845168026679,77.94413263658086,78.25899505615234,712400,0.0,0.0
2016-08-11,78.23992041217669,78.86965985114233,77.52431138401654,78.41166687011719,879000,0.0,0.0
2016-08-12,78.44029980320413,78.97461894776488,78.02047345844788,78.71700286865234,1225300,0.0,0.0
2016-08-15,78.91735751595178,79.33718378074093,78.46890805666354,78.53569793701172,772000,0.0,0.0
2016-08-16,78.23989876120264,78.89826121438078,78.23989876120264,78.61201477050781,656100,0.0,0.0
2016-08-17,78.55478540224696,79.05093776223103,78.2208359984547,78.63111877441406,463500,0.0,0.0
2016-08-18,78.7551523959382,79.08910178849953,78.3448696337769,78.60248565673828,514800,0.0,0.0
2016-08-19,78.4307453661996,79.90967358009961,78.34487577832803,79.69976043701172,516200,0.0,0.0
2016-08-22,79.42305064381864,79.42305064381864,78.40211549086517,78.59294891357422,812600,0.0,0.0
2016-08-23,78.89825770195638,78.9173374002421,78.3639315158175,78.38301849365234,541400,0.0,0.0
2016-08-24,78.27808062565406,78.68836339237737,78.0681674966955,78.23991394042969,474800,0.0,0.0
2016-08-25,78.19222387114212,78.80287643265949,77.51478141319481,77.64836120605469,618000,0.0,0.0
2016-08-26,77.59109817034236,78.01092444622115,76.41749620802263,76.5129165649414,943900,0.0,0.0
2016-08-29,76.50339583939548,77.25717175014678,75.8641200232892,76.88505554199219,836700,0.0,0.0
2016-08-30,77.08539783532105,77.26668776748477,76.4079555619076,76.9231948852539,490200,0.0,0.0
2016-08-31,76.78008205802958,76.93274153776679,75.44427703245822,75.74960327148438,827500,0.0,0.0
2016-09-01,75.92133995683243,76.94227511953221,75.92133995683243,76.93273162841797,714700,0.0,0.0
2016-09-02,77.23804958331903,77.82962221689077,76.4079479337595,76.55107116699219,871300,0.0,0.0
2016-09-06,76.83734426456944,76.87551096224563,76.30302505620944,76.68468475341797,866800,0.0,0.0
2016-09-07,76.64647874012836,77.13308750690011,76.33160910547637,76.4842758178711,629900,0.0,0.0
2016-09-08,76.2457626027951,76.76099471410468,76.17896543625497,76.67512512207031,623900,0.0,0.0
2016-09-09,76.32208282391882,76.39841619732658,74.25158920720364,74.28021240234375,1197200,0.0,0.0
2016-09-12,74.1370834222799,76.69419299757246,73.96533698515016,76.53199005126953,1256800,0.0,0.0
2016-09-13,75.82593665112886,76.3697992418802,75.3488639476785,75.74960327148438,900000,0.0,0.0
2016-09-14,75.88317915217486,76.93273758999769,75.797309564145,76.72283172607422,1123700,0.0,0.0
2016-09-15,76.77052391258249,78.25898813378957,76.3411614732498,77.8010025024414,687000,0.0,0.0
2016-09-16,77.42889342746814,77.98229945482537,76.98998745804548,77.61017608642578,1100000,0.0,0.0
2016-09-19,78.03002384262662,78.26856023602156,77.44799446037871,77.4957046508789,394900,0.0,0.0
2016-09-20,78.077737562886,78.21131736686185,76.87551204755009,76.88505554199219,498600,0.0,0.0
2016-09-21,76.98998820839255,77.34301731791716,76.28391543024115,76.78007507324219,754100,0.0,0.0
2016-09-22,77.13312462671264,77.35258131150478,75.52062355844751,75.91181945800781,1420500,0.0,0.0
2016-09-23,75.91179886599944,76.03584241575436,74.60462444449765,75.1961898803711,1792000,0.0,0.0
2016-09-26,74.66189118416096,75.33933366832392,74.48060119559868,75.07217407226562,692500,0.0,0.0
2016-09-27,74.83361028531974,75.55876269456853,74.42332754740204,75.01490020751953,870700,0.0,0.0
2016-09-28,75.22482154456166,75.66373484450214,74.83362570707365,75.5778579711914,1335000,0.0,0.0
2016-09-29,75.67328019185679,77.31441167983148,75.65420048412459,76.71330261230469,1395500,0.0,0.0
2016-09-30,77.02815387969044,77.64834250594247,76.74190737561182,77.41934967041016,707800,0.0,0.0
2016-10-03,76.98044269862245,77.93458799370724,76.90410932792346,77.68650817871094,531900,0.0,0.0
2016-10-04,77.74376299389466,78.05862541346087,77.19990045885176,77.51476287841797,489200,0.0,0.0
2016-10-05,77.72467143053576,77.93458455090955,77.40026553872215,77.82962799072266,613700,0.0,0.0
2016-10-06,77.71513671200594,77.94413683983566,77.22852781935843,77.65789031982422,597000,0.0,0.0
2016-10-07,77.37165481494826,77.47661140192467,76.45567601187884,77.04724884033203,800300,0.0,0.0
2016-10-10,77.24760564156465,77.75330150565325,77.24760564156465,77.54338836669922,719800,0.0,0.0
2016-10-11,77.04723205949809,78.23037017916538,76.80869573733246,78.04908752441406,1116800,0.0,0.0
2016-10-12,77.57201831031549,78.2303736385105,77.23806162087537,77.53385162353516,716000,0.0,0.0
2016-10-13,77.09493283411814,77.41933869851809,76.21711374313895,76.26482391357422,1566100,0.0,0.0
2016-10-14,76.68465704251706,77.3430123207553,76.13125104552209,76.35070037841797,1393200,0.0,0.0
2016-10-17,72.92532888907141,76.47475073133656,72.70587225708135,74.85269927978516,2830400,0.0,0.0
2016-10-18,75.31067354494256,76.06444905260064,74.90039085797804,75.367919921875,1912600,0.0,0.0
2016-10-19,75.47289482641817,75.84501092610347,74.15617687980486,74.19434356689453,1231500,0.0,0.0
2016-10-20,74.0703102110887,74.90996288355257,73.71728104612296,74.04168701171875,888000,0.0,0.0
2016-10-21,73.66955031325304,74.8049854352527,73.36422413921325,74.71910858154297,630000,0.0,0.0
2016-10-24,75.03397472455565,75.69233721374933,74.92901817469723,75.13893127441406,631700,0.0,0.0
2016-10-25,75.15804835366785,75.54925155761912,74.88135252593828,75.22483825683594,630900,0.0,0.0
2016-10-26,74.94811979109994,76.73236692804011,74.94811979109994,76.61787414550781,996500,0.0,0.0
2016-10-27,77.05676085524783,77.57200008641098,75.58737651738615,77.31437683105469,929300,0.0,0.0
2016-10-28,77.18082070204355,77.62927020406532,76.78008138176729,77.22853088378906,694700,0.0,0.0
2016-10-31,77.51474628332481,78.14448554673868,77.22850711958625,77.86778259277344,935600,0.0,0.0
2016-11-01,78.16358198114429,78.52616185754631,77.76284269837986,78.25899505615234,1279800,0.0,0.0
2016-11-02,78.21115991394933,78.7756161577586,77.97198205488526,78.0580825805664,1295200,0.22,0.0
2016-11-03,78.30683397674817,78.73735852661625,76.88133590076713,76.90046691894531,1190700,0.0,0.0
2016-11-04,77.11095700425928,77.68498253051817,76.6517395029044,76.8048095703125,892600,0.0,0.0
2016-11-07,77.79976749077055,79.0626261938031,77.33098096820162,79.04349517822266,1121900,0.0,0.0
2016-11-08,78.97654233818982,81.33005190408227,78.16333167143877,81.05260467529297,1362700,0.0,0.0
2016-11-09,80.47859016564033,84.49677635273311,80.36378213490332,82.39201354980469,1914800,0.0,0.0
2016-11-10,82.71727748075001,85.04208677579926,82.71727748075001,84.25758361816406,1355600,0.0,0.0
2016-11-11,84.14275873820614,86.06575055947533,83.9514193914382,85.80744171142578,1347500,0.0,0.0
2016-11-14,86.36235338910778,88.18010689879955,86.08491344683662,87.11815643310547,2364000,0.0,0.0
2016-11-15,87.40516279251571,87.47213230521999,86.51542080994213,87.38602447509766,603600,0.0,0.0
2016-11-16,87.4721459767241,88.14184120843717,86.70677374122577,87.35733795166016,870400,0.0,0.0
2016-11-17,87.52953367941441,87.87395040565914,86.98420841271519,87.49126434326172,771000,0.0,0.0
2016-11-18,87.37645984358663,88.09399344228198,87.01290481547163,87.5103988647461,648500,0.0,0.0
2016-11-21,87.96006793170419,88.39058523739675,87.31906560440746,87.70175170898438,905500,0.0,0.0
2016-11-22,88.07488223811411,88.07488223811411,87.12773964002758,87.27124786376953,829500,0.0,0.0
2016-11-23,87.37645353889367,88.92632132880142,87.37645353889367,88.89762115478516,520100,0.0,0.0
2016-11-25,88.84023156599602,90.03612095569645,88.84023156599602,89.87348175048828,319900,0.0,0.0
2016-11-28,89.45252938754693,90.06482419193772,88.85936560242405,89.08898162841797,593900,0.0,0.0
2016-11-29,88.90721567707386,90.23704431282812,88.90721567707386,89.47167205810547,908600,0.0,0.0
2016-11-30,89.86392529974701,91.77734859385501,89.79695577641846,91.24159240722656,1232600,0.0,0.0
2016-12-01,91.3563641468879,92.96363949593001,91.08848613856892,92.84883880615234,916200,0.0,0.0
2016-12-02,92.77231368616594,93.22196925109381,91.40421597333682,92.16001892089844,1035200,0.0,0.0
2016-12-05,92.73404451714535,93.46114728937714,92.32265828670057,93.44200897216797,1420200,0.0,0.0
2016-12-06,93.36546107250115,93.96819391981123,92.80100485582582,93.85338592529297,1125200,0.0,0.0
2016-12-07,93.8151353295905,95.92946704843627,93.41331821722272,95.63288879394531,1040900,0.0,0.0
2016-12-08,95.91032246543716,96.59915587444608,95.61374425288629,96.32170867919922,1050800,0.0,0.0
2016-12-09,96.29302596955354,97.94813298389674,94.4561414117703,94.99189758300781,1678500,0.0,0.0
2016-12-12,95.03972807470784,95.47025267977725,94.12128580267557,94.848388671875,1127900,0.0,0.0
2016-12-13,95.27888609551395,95.71897976862766,93.41330176023791,94.7239990234375,1489200,0.0,0.0
2016-12-14,94.94406484052432,95.39372049685373,94.05432268839805,94.34133911132812,1005100,0.0,0.0
2016-12-15,94.30305193984479,95.11625525223194,93.3750406201645,93.76729583740234,1501700,0.0,0.0
2016-12-16,93.95863010397676,94.05429978861676,92.43746241055233,92.80101013183594,1643800,0.0,0.0
2016-12-19,92.67664459562441,93.70032559720413,92.53313641240439,93.62378692626953,715100,0.0,0.0
2016-12-20,93.9681986315385,94.71443238550303,93.6524821051292,93.75772094726562,959200,0.0,0.0
2016-12-21,93.77687380303294,93.98735153632155,92.75319261769073,92.81060028076172,658700,0.0,0.0
2016-12-22,92.81057051136588,93.3845958640396,92.5905236882913,92.9540786743164,548500,0.0,0.0
2016-12-23,92.81056978435622,93.51853413713718,92.75316214014867,93.25065612792969,304700,0.0,0.0
2016-12-27,93.69075716587358,94.44656012417886,93.22197057623643,93.76729583740234,436600,0.0,0.0
2016-12-28,93.83426736442566,94.2839229453975,92.78188615526813,92.87755584716797,600500,0.0,0.0
2016-12-29,92.77229560058117,93.81510741030972,92.77229560058117,93.12627410888672,532900,0.0,0.0
2016-12-30,93.5472529016671,93.70989211113407,92.49487167099927,92.86798858642578,805000,0.0,0.0
2017-01-03,93.59510536673064,95.05887306865256,91.73908237259128,92.58098602294922,1065200,0.0,0.0
2017-01-04,92.39919767662428,94.15954331884558,92.08348113237935,93.58551788330078,1036000,0.0,0.0
2017-01-05,93.20281998429789,93.3367589922692,92.3800476215436,92.98278045654297,985800,0.0,0.0
2017-01-06,93.21239647394101,94.19780809544129,92.71490973364743,93.46114349365234,751500,0.0,0.0
2017-01-09,92.80100559622807,93.04018344570288,92.14087239595639,92.6766357421875,774800,0.0,0.0
2017-01-10,92.77231924990033,93.98733969471502,92.22699396378196,93.48985290527344,713800,0.0,0.0
2017-01-11,93.58552188103968,94.59007191050199,93.08803509541733,94.44656372070312,689200,0.0,0.0
2017-01-12,94.20738128161531,95.03015374426842,93.77685673303857,94.76227569580078,835200,0.0,0.0
2017-01-13,94.95363014096552,95.31717793598447,94.6379135484032,94.98233032226562,758900,0.0,0.0
2017-01-17,94.8388064182615,95.11625362345515,93.42287751487305,93.73859405517578,816800,0.0,0.0
2017-01-18,94.03518505071159,94.3509016338966,92.8966958987519,93.78643798828125,1301300,0.0,0.0
2017-01-19,93.27938052647997,93.66206662436336,89.52907282530916,90.27530670166016,2373400,0.0,0.0
2017-01-20,90.07438903179037,90.71538398391024,89.28988589508842,90.4283676147461,1025500,0.0,0.0
2017-01-23,90.55275655529282,90.91630434425961,89.65344529416443,90.40924835205078,699900,0.0,0.0
2017-01-24,90.79191442052023,92.48529040743283,90.50489807738916,92.30352020263672,690100,0.0,0.0
2017-01-25,92.59053872677248,94.35089169989915,91.80603558090341,94.27435302734375,916600,0.0,0.0
2017-01-26,94.04473874182898,94.59962583718527,93.10715830634915,94.48482513427734,782100,0.0,0.0
2017-01-27,94.63789619612801,94.69530384733284,93.54724571191613,94.5900650024414,605200,0.0,0.0
2017-01-30,93.84383467952813,94.74314589375034,93.66206444409069,94.64747619628906,594800,0.0,0.0
2017-01-31,94.95360139679212,95.87204341601935,94.3987070625314,94.79096221923828,1312700,0.0,0.0
2017-02-01,95.18322398117012,95.3171630056777,93.43244750392695,94.06387329101562,857500,0.0,0.0
2017-02-02,93.51854929931416,94.79097734847697,92.47573726595256,93.03062438964844,942800,0.0,0.0
2017-02-03,93.16457008948912,95.43197913882007,92.87756099787293,95.34587860107422,1011100,0.0,0.0
2017-02-06,95.16408287260715,96.14949443376928,94.76226584168973,95.2119140625,3331100,0.0,0.0
2017-02-07,95.47982540592712,95.7859728413728,93.97778841028261,94.24566650390625,879200,0.0,0.0
2017-02-08,93.91960992038756,94.41826093794216,92.5483104768482,94.15934753417969,746800,0.23,0.0
2017-02-09,94.29358988670818,95.5114536148565,94.2360478905536,94.76347351074219,416100,0.0,0.0
2017-02-10,94.51415732059229,96.4128824972165,94.51415732059229,96.24986267089844,561000,0.0,0.0
2017-02-13,96.47040329757304,97.07454669763479,95.66488851910474,96.2402572631836,661900,0.0,0.0
2017-02-14,96.25944691186596,96.60466967126582,95.33885532553685,95.41557312011719,557200,0.0,0.0
2017-02-15,95.36761594300101,96.65261330484766,95.36761594300101,96.53753662109375,754100,0.0,0.0
2017-02-16,96.59506506071266,96.8252110797007,95.66488211719805,96.57588195800781,414300,0.0,0.0
2017-02-17,96.50878281850481,96.92113184787463,95.73203521377576,96.89236450195312,443600,0.0,0.0
2017-02-21,96.85399259414474,97.0745544102742,96.34575004122469,96.68138122558594,496500,0.0,0.0
2017-02-22,96.65262534010955,97.06497436297661,94.05387026714256,94.30319213867188,1840400,0.0,0.0
2017-02-23,94.43743772284502,94.763477343997,93.05654681864631,93.31546020507812,1254700,0.0,0.0
2017-02-24,93.10450443316033,96.06766540671067,92.69216272445148,95.72244262695312,1173600,0.0,0.0
2017-02-27,95.3484384606824,96.0580597073696,94.93608949648359,96.01011657714844,737600,0.0,0.0
2017-02-28,96.14436976002688,96.14436976002688,94.09221647635724,94.1401596069336,740000,0.0,0.0
2017-03-01,94.76348258159301,96.21149980054406,94.76348258159301,96.029296875,781400,0.0,0.0
2017-03-02,95.77037390037378,95.85667591992333,93.61273561710843,93.83329010009766,771300,0.0,0.0
2017-03-03,93.91000788383761,94.15933702288723,93.23874556663928,93.83329010009766,705700,0.0,0.0
2017-03-06,93.64150557723141,94.68675797414711,93.4017679834936,94.50456237792969,566600,0.0,0.0
2017-03-07,94.15934807399852,94.53333816836141,92.5483110074309,92.63461303710938,934100,0.0,0.0
2017-03-08,92.53873212814072,93.26753662660131,92.06884838659948,92.79764556884766,1030600,0.0,0.0
2017-03-09,92.87432931677995,93.38257177358352,91.78112662805272,92.2318344116211,1159500,0.0,0.0
2017-03-10,92.81680862091625,93.1044893466241,92.09759583233036,92.68255615234375,919100,0.0,0.0
2017-03-13,92.64420000269148,92.99901428940434,91.15782393577686,91.34002685546875,1319200,0.0,0.0
2017-03-14,91.1578227643993,91.1578227643993,89.52761000942463,90.56327819824219,1333300,0.0,0.0
2017-03-15,90.87972065598697,91.56058183680085,90.51532216000798,91.18658447265625,860100,0.0,0.0
2017-03-16,91.1865946448709,91.49346581198333,90.40984712269866,90.58245849609375,655600,0.0,0.0
2017-03-17,91.03318149203321,91.03318149203321,89.5851640257009,90.0934066772461,1401900,0.0,0.0
2017-03-20,90.13173774157272,90.13173774157272,88.82756473245898,89.09607696533203,796600,0.0,0.0
2017-03-21,89.34541724119316,89.36460034846755,87.5521844702624,87.84945678710938,1163600,0.0,0.0
2017-03-22,88.14671548942036,88.52070554517736,87.44668582247442,87.93574523925781,954100,0.0,0.0
2017-03-23,87.8494539590336,88.07960002543484,86.98639706476452,87.08229064941406,765900,0.0,0.0
2017-03-24,87.41791033951866,87.98368748842638,86.22880673412924,86.56443786621094,918400,0.0,0.0
2017-03-27,85.38494487709602,86.93844716590303,85.05889793520325,86.83296203613281,1361500,0.0,0.0
2017-03-28,86.88091994358028,89.13445231373777,85.74935798139481,88.54949188232422,1093300,0.0,0.0
2017-03-29,88.07958609502035,88.47275924097539,86.69870259879792,87.41791534423828,1412800,0.0,0.0
2017-03-30,87.14940711254529,88.22343416226965,87.14940711254529,88.1275405883789,656200,0.0,0.0
2017-03-31,87.66726481427855,88.37689354795394,87.25491575084496,87.97412872314453,701600,0.0,0.0
2017-04-03,88.26179835761134,88.73168201925296,86.65076134434317,86.66993713378906,1055900,0.0,0.0
2017-04-04,86.58362851404173,88.22343274472117,86.50691072967751,88.18507385253906,1127300,0.0,0.0
2017-04-05,88.5015306880117,89.4508895075187,88.26179309507079,88.56865692138672,1634200,0.0,0.0
2017-04-06,88.54947493536535,89.23992038235008,87.81108635891329,88.46317291259766,1511800,0.0,0.0
2017-04-07,88.32891949642782,88.32891949642782,87.28365978478801,87.34120178222656,1088600,0.0,0.0
2017-04-10,87.83026250871946,90.21805424206488,87.83026250871946,89.39335632324219,1040900,0.0,0.0
2017-04-11,87.6768454026988,87.87822413180918,86.50692461016178,87.84945678710938,1209400,0.0,0.0
2017-04-12,87.88780312302465,88.11794916393843,86.39183556655824,86.45896911621094,1308500,0.0,0.0
2017-04-13,86.52609466334097,87.14940654769633,85.28904781439903,85.4808349609375,1455600,0.0,0.0
2017-04-17,84.64655754726867,87.05352535454443,84.3876441309999,85.45207977294922,1861900,0.0,0.0
2017-04-18,85.12603534953952,85.63428527618038,84.62738429295226,85.2890625,1084500,0.0,0.0
2017-04-19,85.75894903722181,86.15211496314231,85.19316440131101,85.26988220214844,1028800,0.0,0.0
2017-04-20,85.85483014346133,86.4973251705531,85.45207272196002,86.08497619628906,1240800,0.0,0.0
2017-04-21,86.44938153192439,87.28366371210896,85.92195587623557,87.21653747558594,1007900,0.0,0.0
2017-04-24,88.55906536913008,89.1248498929002,87.83026103805071,88.56865692138672,963900,0.0,0.0
2017-04-25,88.40565602330874,89.63311159111497,87.65767574394008,88.34811401367188,933100,0.0,0.0
2017-04-26,88.51113214998192,88.51113214998192,86.86173615528823,87.03434753417969,1304000,0.0,0.0
2017-04-27,87.17817887321992,87.81108229284227,87.10146109017161,87.31243133544922,1077700,0.0,0.0
2017-04-28,87.11104658081659,87.36996727328203,85.42329922670297,85.9794921875,956600,0.0,0.0
2017-05-01,86.3918532181603,86.65077396877544,84.86712532578402,84.97261047363281,1182600,0.0,0.0
2017-05-02,85.21233793133143,86.02744435402354,84.62737756906985,85.96990966796875,2078600,0.0,0.0
2017-05-03,86.00837808919471,86.37371396868615,84.97966202335991,85.8257064819336,1514900,0.23,0.0
2017-05-04,85.91221396239268,86.07565307344785,84.13359418113477,85.13346862792969,1163100,0.0,0.0
2017-05-05,85.13348607363554,85.5372794901751,84.73930154675386,85.3065414428711,804900,0.0,0.0
2017-05-08,85.2680869636916,85.40268477407382,84.30666984094402,84.48933410644531,611900,0.0,0.0
2017-05-09,84.31626032947433,84.70082856164996,83.81632676216628,84.229736328125,705600,0.0,0.0
2017-05-10,83.89324509996158,83.97976910463636,82.54725990312976,83.3452377319336,1642100,0.0,0.0
2017-05-11,83.1625780368638,83.32601718126887,82.37421631881729,82.7491683959961,1118800,0.0,0.0
2017-05-12,82.48958586549236,83.25871510486114,82.28768183006444,82.556884765625,1639000,0.0,0.0
2017-05-15,82.62416617224461,83.48943546645752,82.5184097322802,82.58570861816406,1052200,0.0,0.0
2017-05-16,82.31652510095982,82.88375760270587,81.95118195133266,82.66263580322266,664700,0.0,0.0
2017-05-17,81.79736969957457,82.23962069116239,80.2302551116332,80.29755401611328,786500,0.0,0.0
2017-05-18,80.29756273874926,81.4031940053375,80.13412357226203,80.78788757324219,830500,0.0,0.0
2017-05-19,80.79747550163079,81.54737949466963,80.20139439522697,80.89361572265625,578800,0.0,0.0
2017-05-22,81.17244501764546,81.23974392039132,80.39369952372476,80.9993896484375,562900,0.0,0.0
2017-05-23,81.32625164821981,82.25882721021505,80.83593431286404,81.78773498535156,679700,0.0,0.0
2017-05-24,81.77812099866496,82.25882945943309,80.92246052530001,81.28780364990234,491700,0.0,0.0
2017-05-25,81.46085993779266,81.94156840415864,81.1243581433132,81.71082305908203,634200,0.0,0.0
2017-05-26,81.54737087844373,81.87425639742631,81.06666248907892,81.2781753540039,687900,0.0,0.0
2017-05-30,81.38396229449624,82.98952715643867,81.1147666691443,82.62419128417969,589400,0.0,0.0
2017-05-31,82.72032368456108,83.03759307078694,81.35511323690008,82.08578491210938,761300,0.0,0.0
2017-06-01,82.54724981390696,83.11448222419041,81.87426096526079,82.7010726928711,743900,0.0,0.0
2017-06-02,82.6722446918753,83.2106431926339,82.41266533269294,82.66263580322266,568400,0.0,0.0
2017-06-05,82.80684022243926,83.5182940549045,82.30690663005899,83.16256713867188,668700,0.0,0.0
2017-06-06,82.90298113923562,83.47021358001264,82.55687047417452,82.91259002685547,695400,0.0,0.0
2017-06-07,83.22986717710565,84.67199263864845,82.81645758472887,84.52777862548828,961500,0.0,0.0
2017-06-08,84.75851633205549,85.34497388526799,83.8259407774742,84.79696655273438,852400,0.0,0.0
2017-06-09,84.57585140650133,85.2872979052945,84.20089937774348,85.04694366455078,880500,0.0,0.0
2017-06-12,85.06616441311793,86.45059966159407,83.67210560749795,86.31600189208984,1570300,0.0,0.0
2017-06-13,86.27754563454108,87.2966524782736,85.85452721047191,87.07552337646484,885100,0.0,0.0
2017-06-14,87.22936896301971,87.33511808639953,85.90260878843827,86.40254974365234,700000,0.0,0.0
2017-06-15,85.66224695584567,86.83517678350059,84.95080048178725,86.80633544921875,701400,0.0,0.0
2017-06-16,86.64288421125353,86.64288421125353,85.7103087464426,86.12371826171875,1283500,0.0,0.0
2017-06-19,86.53713767430946,86.96015612469692,85.93144032973083,86.22948455810547,438100,0.0,0.0
2017-06-20,86.12372753387723,86.12372753387723,83.7586428436103,84.21050262451172,778100,0.0,0.0
2017-06-21,84.15282640312891,84.64315111275954,82.720317168358,83.24909210205078,999800,0.0,0.0
2017-06-22,83.36446159470823,83.60481582857662,82.73953911964459,83.12410736083984,763200,0.0,0.0
2017-06-23,83.02796933213179,83.80671472327022,82.91259665621045,83.4317626953125,549600,0.0,0.0
2017-06-26,83.44137916411134,84.37395479255404,83.44137916411134,84.1047592163086,461200,0.0,0.0
2017-06-27,83.88362660976314,85.2872944384451,83.51829081929382,84.3162612915039,812600,0.0,0.0
2017-06-28,84.63351853804481,89.04642540208862,84.62390231637242,87.85426330566406,1725300,0.0,0.0
2017-06-29,87.94081761199958,88.55612392932501,86.6813636398225,87.38319396972656,1157100,0.0,0.0
2017-06-30,88.08500861563344,88.23883148725172,87.06590183417192,87.85426330566406,1223400,0.0,0.0
2017-07-03,88.4888337645469,89.87327678269817,88.4888337645469,89.62330627441406,551900,0.0,0.0
2017-07-05,89.61366494282538,90.53662425133678,89.23871295296227,89.6521224975586,1604900,0.0,0.0
2017-07-06,90.28668313636254,90.29629202611456,88.52728808773833,88.69072723388672,1085500,0.0,0.0
2017-07-07,89.13295556919293,90.3155015258985,88.70032091931662,90.03668975830078,1122200,0.0,0.0
2017-07-10,89.81556382634355,90.08475938110857,89.11373360642455,89.15219116210938,1155800,0.0,0.0
2017-07-11,88.85414663335828,89.14257463248694,87.73890686245346,87.94080352783203,824900,0.0,0.0
2017-07-12,88.61381090579863,89.78674092233253,87.98888833395334,88.40229797363281,582800,0.0,0.0
2017-07-13,88.53688499798406,88.6907152335664,87.38318757123396,87.7389144897461,1146100,0.0,0.0
2017-07-14,87.73890465862537,88.73877907278683,87.50815933110682,88.30613708496094,1031400,0.0,0.0
2017-07-17,86.98900840264339,90.80582751250165,86.79672061264438,89.92132568359375,2422100,0.0,0.0
2017-07-18,89.58484000107791,90.13284741999026,88.23885467926674,88.4599838256836,1125100,0.0,0.0
2017-07-19,88.52726938376807,88.5849520502144,87.60431004548296,88.16192626953125,804300,0.0,0.0
2017-07-20,87.9792718966526,88.22923503592237,87.16206891205304,87.99849700927734,530400,0.0,0.0
2017-07-21,87.77738059538422,88.60419985457195,87.01786023705921,88.02734375,1092700,0.0,0.0
2017-07-24,87.80622097539634,88.17155681394568,87.01785928745197,88.00811767578125,718300,0.0,0.0
2017-07-25,88.73878161145564,90.42126116384487,88.60418383406679,89.75788116455078,971000,0.0,0.0
2017-07-26,89.87325923378827,90.21936258571435,89.2964031988434,89.9886245727539,729600,0.0,0.0
2017-07-27,89.58482976824267,89.79634266629962,86.59482253122832,87.3447265625,1078000,0.0,0.0
2017-07-28,87.20050937597439,88.07540227057088,86.87363115273756,86.88324737548828,712800,0.0,0.0
2017-07-31,86.98899177793743,87.51776659556343,86.72940514480638,87.21011352539062,644400,0.0,0.0
2017-08-01,87.94078761406276,87.94078761406276,85.40264808713574,86.05641174316406,756000,0.0,0.0
2017-08-02,85.65263708805982,86.63328653657943,85.57572930261149,86.1814193725586,553200,0.0,0.0
2017-08-03,86.06575775146484,86.60553391593076,85.69948211899136,86.06575775146484,842300,0.23,0.0
2017-08-04,86.24889085935882,87.70435964045419,86.09466491084919,87.26097106933594,766200,0.0,0.0
2017-08-07,87.1260142044323,87.62724110934127,86.62479465342022,87.38626861572266,553400,0.0,0.0
2017-08-08,87.12603129753742,88.26342198471583,86.56697323772636,87.62725830078125,651700,0.0,0.0
2017-08-09,87.38628230399611,88.8706666257729,86.8946962809205,88.84175109863281,1020000,0.0,0.0
2017-08-10,88.28269831048618,89.535758489653,88.24414917460585,88.77428436279297,1332900,0.0,0.0
2017-08-11,89.38153059301672,91.7912557994575,89.38153059301672,91.28038787841797,1306500,0.0,0.0
2017-08-14,91.7141664311112,93.11180446897836,91.7045254687129,92.832275390625,1604300,0.0,0.0
2017-08-15,92.91901629952456,94.25882308270599,92.73587480916642,93.8636245727539,1243800,0.0,0.0
2017-08-16,94.12386670619377,94.75039672180708,93.72866824804314,93.78650665283203,1166700,0.0,0.0
2017-08-17,93.49734778338095,93.88290532749417,92.4659855813697,93.39131927490234,1075400,0.0,0.0
2017-08-18,93.28528628527965,94.0949578244131,92.52381219455704,93.14070129394531,988800,0.0,0.0
2017-08-21,93.17926353964177,94.5287112856507,92.78407238306619,93.83470916748047,766800,0.0,0.0
2017-08-22,94.22990124587908,94.76003640547898,93.90217477738084,94.3648452758789,1040900,0.0,0.0
2017-08-23,94.0756542139803,94.15276717209967,93.33346221529654,93.58406829833984,530100,0.0,0.0
2017-08-24,93.66121584095129,93.97930139522478,92.82263601192014,93.0732421875,784100,0.0,0.0
2017-08-25,93.47808396886253,94.83716545968059,93.15035744480116,94.13352966308594,833300,0.0,0.0
2017-08-28,94.50943220559753,95.7624849890082,94.50943220559753,95.5407943725586,633700,0.0,0.0
2017-08-29,95.18415226566947,97.55532115103506,94.94317972828803,96.44684600830078,911700,0.0,0.0
2017-08-30,96.35044140832653,97.13118993798811,96.05163786811471,96.17694091796875,1297400,0.0,0.0
2017-08-31,96.4854133857476,96.4854133857476,94.71185884033433,95.31910705566406,1021300,0.0,0.0
2017-09-01,95.82032009714567,96.30226515582828,94.9528175207374,95.76248168945312,566100,0.0,0.0
2017-09-05,95.63718318267247,96.02274071878594,94.59618004133561,95.04920959472656,809900,0.0,0.0
2017-09-06,95.36727084511669,95.95524428343893,94.73109996933337,95.51184844970703,852200,0.0,0.0
2017-09-07,95.91669904314776,97.26614655731662,95.6564446165973,97.10227966308594,1239900,0.0,0.0
2017-09-08,97.10227437431962,98.34569332904354,96.61069578009385,98.16255187988281,753800,0.0,0.0
2017-09-11,98.5288485547578,99.27104070625816,97.18904188562877,97.83484649658203,810400,0.0,0.0
2017-09-12,97.9215850830078,98.34569905146971,97.45892198459241,97.92158508300781,531000,0.0,0.0
2017-09-13,97.56496578970217,97.56496578970217,96.1191305109073,96.95771026611328,543700,0.0,0.0
2017-09-14,96.57214443163082,97.14083601929924,95.7431984177535,96.22514343261719,1321900,0.0,0.0
2017-09-15,96.40828820880931,98.04690585305873,96.06129452528513,97.9023208618164,1087900,0.0,0.0
2017-09-18,97.92161256607154,99.18431386641491,97.83486596848353,99.04936981201172,753000,0.0,0.0
2017-09-19,99.12646791187831,99.71444154160861,98.7698332325952,98.96260833740234,548700,0.0,0.0
2017-09-20,99.1939281317552,100.53373470695152,98.79872968315182,100.49517822265625,1217000,0.0,0.0
2017-09-21,100.8036342752098,101.90246846469209,100.30240727592768,100.890380859375,787700,0.0,0.0
2017-09-22,101.01568098298559,102.09523314105603,100.89037056899703,101.9313735961914,510800,0.0,0.0
2017-09-25,101.66149276142262,102.05668388903845,100.56265860614226,101.1409912109375,766800,0.0,0.0
2017-09-26,101.30485034098781,103.51215960260825,100.81326431972698,103.2133560180664,1005500,0.0,0.0
2017-09-27,103.42541578409812,105.2664421420771,103.16516132605038,104.94835662841797,1262200,0.0,0.0
2017-09-28,104.90979770023392,105.58452520023422,104.6109941146598,104.96763610839844,567100,0.0,0.0
2017-09-29,107.07855755727756,107.57014361271847,105.8062228020588,107.06892395019531,1250500,0.0,0.0
2017-10-02,107.4159097342578,107.93641124473828,103.63745514194356,105.05437469482422,1171700,0.0,0.0
2017-10-03,105.57488883859239,106.6448075125145,104.63991419976871,105.13150024414062,717700,0.0,0.0
2017-10-04,104.85195970830186,105.50740524424623,104.42784572801504,104.73629760742188,1311800,0.0,0.0
2017-10-05,104.40857829478091,104.7941358164798,102.64465759688974,103.01094055175781,1105500,0.0,0.0
2017-10-06,102.97238699537752,104.08086214410352,102.49044191800955,102.8759994506836,732400,0.0,0.0
2017-10-09,102.82779393182747,103.0591254917185,101.29520488204234,102.08560180664062,737900,0.0,0.0
2017-10-10,102.25909918375596,102.48079714681705,101.58437904208829,102.33621215820312,705400,0.0,0.0
2017-10-11,102.42296488766777,102.6157399676192,101.3144897932023,101.86390686035156,631800,0.0,0.0
2017-10-12,101.97956954265345,104.50495675009924,101.78678712161728,104.43748474121094,1256100,0.0,0.0
2017-10-13,103.64711711947955,104.82306439785403,99.97469763037482,100.25422668457031,1972200,0.0,0.0
2017-10-16,99.71443406256567,99.71443406256567,96.62998849360591,97.96979522705078,1800400,0.0,0.0
2017-10-17,97.81557712177936,98.9047703601786,97.56496361993678,98.73126983642578,929000,0.0,0.0
2017-10-18,98.81799860352092,101.27592102118246,98.81799860352092,100.67830657958984,927000,0.0,0.0
2017-10-19,100.22527872718578,101.22771778865858,99.70477727955763,101.00602722167969,660800,0.0,0.0
2017-10-20,101.45905747592529,103.61816888950864,100.80361202042184,102.73139190673828,1086300,0.0,0.0
2017-10-23,104.58208513668131,104.81341672213169,102.74105135233019,103.53144836425781,641900,0.0,0.0
2017-10-24,103.56036147949912,104.36038472593091,102.28802675832881,102.47116088867188,906600,0.0,0.0
2017-10-25,102.36512771729426,102.80852364355569,101.83499256407403,102.39405059814453,910200,0.0,0.0
2017-10-26,102.47115924312072,105.46885819061521,102.37477169913565,104.94835662841797,620100,0.0,0.0
2017-10-27,104.81341334539447,105.70983148327095,104.49533518335954,105.6520004272461,635400,0.0,0.0
2017-10-30,104.74593740764122,104.74593740764122,101.21810339812046,101.45907592773438,1125100,0.0,0.0
2017-10-31,101.55545795828976,102.6928485305073,100.25420783976148,102.54826354980469,1194900,0.0,0.0
2017-11-01,102.8856241702755,103.81095775642491,102.18198853628057,102.3458480834961,641800,0.0,0.0
2017-11-02,102.58735875861778,103.765858819924,101.93049023444037,103.72721862792969,525500,0.23,0.0
2017-11-03,103.52436027239834,104.72218408136868,102.56803949915157,103.57266235351562,736100,0.0,0.0
2017-11-06,103.33115446435966,104.93468166366088,102.68394792517971,104.17155456542969,830200,0.0,0.0
2017-11-07,103.8817652081333,104.66420872203184,102.55836645005887,103.02204132080078,972000,0.0,0.0
2017-11-08,102.78054953001941,102.78054953001941,99.53484742287105,100.80994415283203,1447300,0.0,0.0
2017-11-09,100.54911223658378,100.54911223658378,97.42899297096528,98.53021240234375,1255000,0.0,0.0
2017-11-10,98.55918444118491,98.79101815679553,97.77674104483597,98.38530731201172,729700,0.0,0.0
2017-11-13,98.45295538539287,99.5348586666113,98.01826611670378,99.09050750732422,918300,0.0,0.0
2017-11-14,98.54953348542028,99.22572567159642,98.19212466959488,98.9842300415039,848100,0.0,0.0
2017-11-15,98.86832772170031,99.39962115384311,97.70915143139634,98.08588409423828,677000,0.0,0.0
2017-11-16,98.41429626900707,99.68939289782122,97.77675163953086,99.47688293457031,848400,0.0,0.0
2017-11-17,100.20138181578407,100.74232973218852,97.53526768376017,97.9892807006836,999800,0.0,0.0
2017-11-20,97.8926570630197,98.52054712383188,97.35170925425163,98.25973510742188,358300,0.0,0.0
2017-11-21,98.80069897482906,99.87294024852979,98.05689561687838,99.70872497558594,770900,0.0,0.0
2017-11-22,99.84396498164085,100.97416288720338,99.65077140405947,100.47185516357422,474100,0.0,0.0
2017-11-24,100.46218425104341,101.40885038384056,100.42354406502496,100.61674499511719,206500,0.0,0.0
2017-11-27,100.74234646680667,101.18669766764609,99.73772347670126,100.11445617675781,465000,0.0,0.0
2017-11-28,100.79062089851831,102.44245762921139,99.79566000016962,102.42313385009766,764300,0.0,0.0
2017-11-29,102.36518681279776,105.00231542871288,101.93049018048897,104.9443588256836,922800,0.0,0.0
2017-11-30,105.19549988404609,108.08378560970533,104.48067486933878,107.35929870605469,1206000,0.0,0.0
2017-12-01,107.0501915920679,107.62977967893389,103.2249013749176,105.30176544189453,1077900,0.0,0.0
2017-12-04,106.91494591077948,108.67303380735737,106.25807750052721,106.4512710571289,1096100,0.0,0.0
2017-12-05,106.48027187241156,106.85700452028577,105.39836863987935,105.56258392333984,378400,0.0,0.0
2017-12-06,105.68815410975559,106.95358888922638,105.30175961659948,106.65413665771484,937900,0.0,0.0
2017-12-07,106.65413569218484,108.14174231709639,106.02624556772315,107.80364990234375,668700,0.0,0.0
2017-12-08,108.75030432772292,109.14635329384222,107.79397641053852,108.68268585205078,577100,0.0,0.0
2017-12-11,108.58611155385452,108.59576607390484,107.31100740039885,107.51387023925781,982800,0.0,0.0
2017-12-12,107.87128257028174,107.87128257028174,106.76040103013287,107.4559097290039,978700,0.0,0.0
2017-12-13,107.36896736266188,108.9724946448204,107.02121303740103,108.0644760131836,1089200,0.0,0.0
2017-12-14,108.19004952702412,108.42188328387773,107.17576486476337,107.60079956054688,796000,0.0,0.0
2017-12-15,108.08381038420531,109.19469203174013,107.2434027301857,108.5474853515625,1442300,0.0,0.0
2017-12-18,109.34922248899574,109.7742571723715,108.83725291303604,108.99181365966797,846400,0.0,0.0
2017-12-19,109.1753506589204,109.1753506589204,108.16107334666032,108.90487670898438,772000,0.0,0.0
2017-12-20,109.81289192125823,109.95779077158498,108.71167245055364,108.9145278930664,1323400,0.0,0.0
2017-12-21,109.31058612220897,109.62935475452636,107.32065710818942,108.88555145263672,846500,0.0,0.0
2017-12-22,108.79861898909652,111.04936024491347,108.50882862727367,110.63398742675781,789400,0.0,0.0
2017-12-26,111.08799967655402,111.80282474134603,110.50841158699666,111.0107192993164,503500,0.0,0.0
2017-12-27,111.0493694682402,111.61930308926114,110.53739982028807,111.54202270507812,348700,0.0,0.0
2017-12-28,107.5911310792676,111.44540666382584,107.54283637489071,111.31982421875,1355500,0.0,0.0
2017-12-29,111.42608099196363,112.86539286749421,110.91411144112895,111.06867218017578,1133900,0.0,0.0
2018-01-02,112.01533983391134,112.91370393405262,110.8368398993322,112.14091491699219,863600,0.0,0.0
2018-01-03,112.37275481616715,114.0342460257889,112.00567672063637,112.8943862915039,980200,0.0,0.0
2018-01-04,113.18417786343215,114.04390177561545,111.50337022689948,112.91370391845703,1318000,0.0,0.0
2018-01-05,113.63818757646978,114.02458207378818,111.40677022500248,112.31478881835938,1436200,0.0,0.0
2018-01-08,112.18921660336781,114.15016006773818,112.1795547139761,114.01492309570312,828800,0.0,0.0
2018-01-09,114.37233105266185,116.43953304160665,114.31436709035587,116.21735382080078,945800,0.0,0.0
2018-01-10,116.25598839152909,116.55544796770705,115.32864610789515,116.02415466308594,889300,0.0,0.0
2018-01-11,113.36771895017198,117.06743409079506,112.77846897237613,116.81627655029297,937800,0.0,0.0
2018-01-12,117.20266053214692,117.37653767996545,115.55083131280183,116.94184112548828,978200,0.0,0.0
2018-01-16,117.28961337052185,117.35723186225138,115.61846748783637,116.53614807128906,1068200,0.0,0.0
2018-01-17,117.25097008420597,117.57940801383808,115.72472311547935,116.54580688476562,1241600,0.0,0.0
2018-01-18,114.89397714548367,118.02375882423165,113.19384564165523,117.31858825683594,1480500,0.0,0.0
2018-01-19,118.12033946177523,119.65625547613726,117.23163732647204,119.40509796142578,1317800,0.0,0.0
2018-01-22,119.40510964813059,121.2404780601439,118.14932932152612,121.12455749511719,1170100,0.0,0.0
2018-01-23,121.06661408543752,121.76212281163552,120.6319174466322,121.31776428222656,995500,0.0,0.0
2018-01-24,121.42401187196396,122.1871390229165,120.35177057871466,121.37571716308594,1030800,0.0,0.0
2018-01-25,121.69449705218638,121.94564723398219,119.24090024562477,119.77218627929688,813600,0.0,0.0
2018-01-26,120.59326301251036,121.27911713697132,119.26020969130113,120.77680206298828,623100,0.0,0.0
2018-01-29,118.13967347415192,120.2261920321474,116.16906811001815,117.6180419921875,1095000,0.0,0.0
2018-01-30,117.20266087627428,117.7146304325038,116.1787143939535,116.61341094970703,765000,0.0,0.0
2018-01-31,117.46348415469328,118.87381788394343,116.56512003066639,116.71968078613281,970800,0.0,0.0
2018-02-01,115.92755750173278,117.76292565625272,115.31898383305047,116.68102264404297,826900,0.0,0.0
2018-02-02,115.8213148790713,116.67137691146286,113.74445082110415,114.15016174316406,1853800,0.0,0.0
2018-02-05,113.6381850614118,114.10185992190418,110.60500048486558,110.73057556152344,2185800,0.0,0.0
2018-02-06,109.23332470011569,112.39208486368572,107.6297898921,111.98637390136719,1988000,0.0,0.0
2018-02-07,111.91874485784045,115.10649039240054,111.8897665589583,113.9376449584961,1355700,0.0,0.0
2018-02-08,113.74406777891288,114.3345192256635,110.62726043964285,111.1305923461914,1662600,0.24,0.0
2018-02-09,111.65326589356495,112.88256911501975,109.1656294560407,111.42095947265625,1792000,0.0,0.0
2018-02-12,111.81783453093996,113.44399451704614,110.57885690055225,112.16629791259766,828200,0.0,0.0
2018-02-13,111.46938903967775,115.47671092152474,110.9563681236895,114.53779602050781,946000,0.0,0.0
2018-02-14,113.85052777706976,116.49303285402614,113.15360108889581,116.15425109863281,934200,0.0,0.0
2018-02-15,116.97701989701713,117.32548327386236,113.73438155932485,116.86087036132812,919400,0.0,0.0
2018-02-16,116.58017026045977,118.0224170316725,115.88324346540972,116.71568298339844,534700,0.0,0.0
2018-02-20,116.00906405771565,116.40592798518423,113.67630320917525,114.41194152832031,972900,0.0,0.0
2018-02-21,114.7023261254575,117.12220642346294,114.33450697872058,115.1863021850586,705200,0.0,0.0
2018-02-22,115.68962952700245,117.88688488745895,115.10885975510284,115.87354278564453,817400,0.0,0.0
2018-02-23,116.67695864450165,117.2867658696958,115.17662978607122,117.22869110107422,546900,0.0,0.0
2018-02-26,117.88689268956729,119.47433361743572,116.62855194643043,119.23234558105469,570700,0.0,0.0
2018-02-27,119.22266815764836,120.18094613232081,116.72534976256283,116.75439453125,532600,0.0,0.0
2018-02-28,117.0254185182668,117.3061255330058,114.72168763347412,114.77008819580078,680400,0.0,0.0
2018-03-01,114.73136150202872,116.31880235898186,113.95700425113536,114.74104309082031,1037300,0.0,0.0
2018-03-02,114.43131404736748,116.98670734902831,111.31450667877935,116.47369384765625,1160800,0.0,0.0
2018-03-05,115.5057211272387,115.73802755394054,113.18263470555583,113.64725494384766,1286500,0.0,0.0
2018-03-06,114.13124360544471,115.23470848551437,113.28912256122776,114.77008819580078,753600,0.0,0.0
2018-03-07,114.07316294301721,115.70900449048202,113.40528096050082,115.08951568603516,647300,0.0,0.0
2018-03-08,115.24437551979241,115.24437551979241,113.3859092463461,114.89591217041016,737700,0.0,0.0
2018-03-09,115.76707674686413,117.99336966666282,115.25406328414338,117.89657592773438,902100,0.0,0.0
2018-03-12,118.11918863506426,118.62252784152399,116.32847880202964,116.94796752929688,433400,0.0,0.0
2018-03-13,117.30613276158363,118.7967800774557,117.24805060623471,118.08049011230469,814900,0.0,0.0
2018-03-14,118.66123472174023,118.66123472174023,115.78642342238297,115.97032928466797,516500,0.0,0.0
2018-03-15,115.96068539653179,116.92863767067682,114.81850141764504,115.931640625,461200,0.0,0.0
2018-03-16,116.03810321967585,117.0447743603951,115.40894021850417,116.44464874267578,1007000,0.0,0.0
2018-03-19,116.29945393986488,117.03509965200993,115.0314315837552,116.33817291259766,652900,0.0,0.0
2018-03-20,117.16092548771549,118.35150245974462,116.63823045674346,116.89957427978516,539400,0.0,0.0
2018-03-21,117.05442640281868,118.2837220962983,116.67692574344926,116.7253189086914,551800,0.0,0.0
2018-03-22,116.14457190130462,116.77374225135422,114.67328793977974,115.01206970214844,889500,0.0,0.0
2018-03-23,114.83784972514337,115.67997080729475,113.0858585863538,114.2183609008789,1208600,0.0,0.0
2018-03-26,115.9316272794761,116.62855401821585,114.07316089942941,116.3284912109375,905800,0.0,0.0
2018-03-27,116.70599194699142,118.39022664211339,111.01443588957537,111.2757797241211,1103400,0.0,0.0
2018-03-28,111.3144984921124,112.94065841765361,108.94301865210558,111.237060546875,1060100,0.0,0.0
2018-03-29,112.03078324667248,114.68297753702201,111.02411209327464,113.39559936523438,885100,0.0,0.0
2018-04-02,114.47970086558813,115.70900426743168,110.86924337646442,111.6629638671875,1102700,0.0,0.0
2018-04-03,113.25039742263591,115.65092191650088,112.76642136527423,113.41494750976562,1370100,0.0,0.0
2018-04-04,111.78878733481812,112.16628806766553,109.49474555595907,111.68231201171875,1921600,0.0,0.0
2018-04-05,112.34052057349008,112.65026495618974,108.92365077483453,110.1529541015625,1429500,0.0,0.0
2018-04-06,109.04949509727264,109.62058333324659,104.98409154934465,106.406982421875,1414000,0.0,0.0
2018-04-09,107.22006320623149,108.23641598214589,105.59390319570204,105.7100601196289,933900,0.0,0.0
2018-04-10,105.70038051503673,108.33321176104815,105.18736701494718,107.85891723632812,1128500,0.0,0.0
2018-04-11,107.33622904245546,109.90130409259697,107.12327835668592,109.4657211303711,1384500,0.0,0.0
2018-04-12,108.4203204850724,110.99506931870964,108.40095730687473,110.5207748413086,1167500,0.0,0.0
2018-04-13,110.71436362640242,111.19833969863954,108.66230980644589,109.15596008300781,1456100,0.0,0.0
2018-04-16,115.88323220946012,117.780417531214,111.3144968944701,115.91226959228516,2312800,0.0,0.0
2018-04-17,117.25771983418097,117.32547618753686,112.76642256487739,115.3508529663086,1470400,0.0,0.0
2018-04-18,115.93163216932483,117.86753657641636,115.91227637460517,117.4513168334961,1041000,0.0,0.0
2018-04-19,117.45130127175024,118.27406644366302,116.17360482775418,117.383544921875,743800,0.0,0.0
2018-04-20,117.22869972443797,118.14825142473825,115.46702689273228,115.75740814208984,901300,0.0,0.0
2018-04-23,115.65091308825777,116.92860948676379,115.34116873058625,116.4639892578125,766400,0.0,0.0
2018-04-24,117.24805840442862,117.82883568720882,114.0344570922198,114.615234375,1338800,0.0,0.0
2018-04-25,114.25707123493122,116.01874383037534,113.56982610326283,114.00540161132812,1039800,0.0,0.0
2018-04-26,113.99572537962479,114.63457736535928,111.06283144576341,113.49239349365234,1153100,0.0,0.0
2018-04-27,113.32785629477584,114.8862600780941,112.68900423632194,114.7217025756836,487000,0.0,0.0
2018-04-30,114.73137190867335,115.77676204633381,113.42463792904235,113.6666259765625,898000,0.0,0.0
2018-05-01,113.6085444839255,113.66661924872841,111.44032638935978,112.20500946044922,781400,0.0,0.0
2018-05-02,112.16628510817158,113.89892022893231,111.45968422067045,112.66962432861328,1187900,0.0,0.0
2018-05-03,112.34955740485222,114.19246793862213,110.67153695774999,113.08671569824219,822600,0.24,0.0
2018-05-04,112.33984758912099,115.24970377678618,111.74817623895065,113.89176940917969,638600,0.0,0.0
2018-05-07,114.57074138131848,115.53099186032789,113.86267311286298,114.55133819580078,728400,0.0,0.0
2018-05-08,114.03726697310105,115.94807377522565,114.03726697310105,115.24000549316406,1019600,0.0,0.0
2018-05-09,115.72497430860749,117.22840291487198,115.71528011641502,117.0829086303711,631200,0.0,0.0
2018-05-10,118.19835653138358,119.4107965849222,117.52908725378329,119.20710754394531,623900,0.0,0.0
2018-05-11,119.4204957141189,121.65138092652565,119.4204957141189,120.91422271728516,690300,0.0,0.0
2018-05-14,121.35070117829028,121.38950014818346,119.54658977906504,120.04126739501953,557600,0.0,0.0
2018-05-15,119.22649153510606,120.1091513588418,118.23714380534733,119.54657745361328,701700,0.0,0.0
2018-05-16,119.87634948522728,121.83565642998313,119.59506995171402,121.36038208007812,715500,0.0,0.0
2018-05-17,121.72898341309325,123.22271047207633,121.38950167244867,121.91327667236328,1021000,0.0,0.0
2018-05-18,121.80657358946993,123.3196963371179,115.2399944240712,123.04811096191406,990300,0.0,0.0
2018-05-21,123.95018717924115,125.84159832774111,123.46521110016133,124.2508773803711,1078000,0.0,0.0
2018-05-22,124.60004027487706,124.82312509051349,120.62323115977883,120.9045181274414,852100,0.0,0.0
2018-05-23,119.84726250290495,121.03060508497433,118.03345706330511,120.86571502685547,869900,0.0,0.0
2018-05-24,120.89481638804808,123.52338541350902,120.76872529241365,123.30030059814453,757500,0.0,0.0
2018-05-25,123.3875913691839,126.02585455750703,123.15480496436199,124.53213500976562,863200,0.0,0.0
2018-05-29,123.61068012347756,124.55153470849568,122.56313023087104,123.56217956542969,641400,0.0,0.0
2018-05-30,124.36726187360621,126.43326462302772,122.82503415642618,125.5215072631836,561400,0.0,0.0
2018-05-31,125.48270596502118,125.97739103787166,123.3682173643749,124.2508773803711,725000,0.0,0.0
2018-06-01,124.77465379182391,126.13258098844484,124.77465379182391,125.7446060180664,509000,0.0,0.0
2018-06-04,126.1519513325985,126.23924345816212,122.6116325486762,123.66887664794922,586400,0.0,0.0
2018-06-05,123.71739139821135,125.10441577557977,120.9239246573984,123.00932312011719,732700,0.0,0.0
2018-06-06,123.25181164582344,124.59034286451008,121.4283043826659,122.96082305908203,588000,0.0,0.0
2018-06-07,123.08691563234379,124.0568676745212,122.01026827351511,123.44579315185547,545300,0.0,0.0
2018-06-08,123.36821161007376,125.04622462133919,123.1839183405722,124.81343078613281,370100,0.0,0.0
2018-06-11,124.71641235133906,127.55836420649047,124.64850861677269,126.3459243774414,653300,0.0,0.0
2018-06-12,126.34592888484629,127.16069972725538,125.54086703360213,126.88911437988281,541200,0.0,0.0
2018-06-13,127.12190854086111,127.78148360629524,122.92202194587003,125.50209045410156,708800,0.0,0.0
2018-06-14,126.06467950543198,126.86974154927356,124.85223934307328,125.75428771972656,550600,0.0,0.0
2018-06-15,125.62820189769924,126.9182399848241,124.17327372729757,126.32656860351562,954800,0.0,0.0
2018-06-18,125.40509033203126,126.42354291453843,124.80372481486981,125.40509033203125,596700,0.0,0.0
2018-06-19,124.39634309584162,124.54182997466698,121.7774756749351,123.47489166259766,651600,0.0,0.0
2018-06-20,124.03744562642989,125.19169814928026,123.28088433261009,124.61941528320312,481300,0.0,0.0
2018-06-21,124.66794822809047,125.52151085325876,123.25181898196294,124.34786224365234,556000,0.0,0.0
2018-06-22,125.03652972149435,125.93857807726732,124.14416815854234,124.27996826171875,810500,0.0,0.0
2018-06-25,123.35850281410578,123.35850281410578,119.67268204017077,120.32255554199219,804200,0.0,0.0
2018-06-26,120.47773037603092,121.1179022127341,119.1197961710225,119.29438781738281,701600,0.0,0.0
2018-06-27,119.65328591102217,120.90452494804696,117.79097974434909,117.84917449951172,571300,0.0,0.0
2018-06-28,117.79096443005736,118.1595434984123,116.45242603416838,117.59696960449219,637700,0.0,0.0
2018-06-29,118.0431767254529,119.34291648789777,117.21871885681618,117.89768981933594,1030200,0.0,0.0
2018-07-02,117.58728016749099,118.88701225067042,117.08290100077492,118.72212219238281,481300,0.0,0.0
2018-07-03,118.8482286432755,119.5950958981636,118.02377084514282,118.34385681152344,295900,0.0,0.0
2018-07-05,118.88702945580609,119.47870083307205,115.99656892095854,117.82008361816406,865600,0.0,0.0
2018-07-06,117.50969097042595,119.56598455640912,117.34480089987953,118.3729476928711,434600,0.0,0.0
2018-07-09,119.07130545734564,121.16639785651837,118.75121953242532,120.7396240234375,634300,0.0,0.0
2018-07-10,120.92392211785148,122.07816744277446,119.29440235331484,120.47774505615234,702000,0.0,0.0
2018-07-11,119.95395321216718,120.0703501076306,117.68426925172496,118.10134887695312,1025800,0.0,0.0
2018-07-12,118.97431472947748,118.97431472947748,117.14109865894837,117.21869659423828,1268500,0.0,0.0
2018-07-13,117.47090663755071,119.07132918087098,117.09262588733017,118.16927337646484,2008100,0.0,0.0
2018-07-16,125.8415746542225,126.07435365620101,112.65022186471134,117.49028015136719,4855800,0.0,0.0
2018-07-17,117.3642007286461,118.76093408057125,116.00626634762409,117.9073715209961,1344900,0.0,0.0
2018-07-18,118.02376089072038,118.89671917988221,117.19930316212456,117.7812728881836,1152600,0.0,0.0
2018-07-19,117.1896150163481,118.4408541410231,116.23905868127225,117.9267807006836,1075500,0.0,0.0
2018-07-20,117.8588744235147,117.96556973990026,116.84042182170596,117.61638641357422,1007200,0.0,0.0
2018-07-23,117.31569896552485,118.85792659253204,117.22840683199553,118.25655364990234,859900,0.0,0.0
2018-07-24,118.58633282466499,119.04221144573842,113.32918739457281,113.56198120117188,1508500,0.0,0.0
2018-07-25,113.74627604960648,115.52129011462769,113.13520890925443,115.30789947509766,1144500,0.0,0.0
2018-07-26,115.44369454413179,116.13236704045,113.03821750400579,115.24000549316406,1478000,0.0,0.0
2018-07-27,115.30789834216058,115.80257596528827,114.61923326690086,115.27880096435547,733700,0.0,0.0
2018-07-30,115.18179966482731,116.38453806928638,114.0566517960311,114.2700424194336,610000,0.0,0.0
2018-07-31,114.41553955085902,117.10231079409077,113.82386822582157,116.29724884033203,690300,0.0,0.0
2018-08-01,116.29726936471683,116.53005581888328,115.16242707548892,115.86078643798828,549200,0.0,0.0
2018-08-02,114.95690674554504,119.23328965314491,114.95690674554504,118.97087860107422,1093700,0.24,0.0
2018-08-03,119.17497000214301,119.31103608180338,116.72576573816598,117.41581726074219,575800,0.0,0.0
2018-08-06,117.40609253693398,118.22248893830508,116.579967597156,117.94063568115234,427200,0.0,0.0
2018-08-07,118.28082787745463,120.01082489410808,117.63937447480131,119.2430191040039,444400,0.0,0.0
2018-08-08,118.9708614220598,119.23327243623916,118.3488355737322,118.48490905761719,355800,0.0,0.0
2018-08-09,118.89312630034479,119.73867880422941,117.68795890473335,118.29054260253906,393100,0.0,0.0
2018-08-10,117.56161024982865,118.2225058471493,117.12425603154765,117.7073974609375,671300,0.0,0.0
2018-08-13,118.01840658758188,118.34885067835533,116.7160502288354,116.7646484375,479200,0.0,0.0
2018-08-14,117.182559934164,118.47519508117068,116.86182957467301,118.15446472167969,497200,0.0,0.0
2018-08-15,117.33806479135144,118.30024842634111,116.21065171193338,117.90176391601562,397800,0.0,0.0
2018-08-16,118.7764725112031,118.9514156538255,117.71709994729947,118.23220825195312,438000,0.0,0.0
2018-08-17,118.33914046472799,118.99031495581596,117.45470346321339,118.90283966064453,461600,0.0,0.0
2018-08-20,118.64042046731797,120.4190080583319,118.64042046731797,119.96221160888672,445000,0.0,0.0
2018-08-21,120.03997167378408,121.36176288032023,119.97193862999379,120.41901397705078,471500,0.0,0.0
2018-08-22,120.20518841281975,120.93411702769009,119.8941791670769,120.4578857421875,534100,0.0,0.0
2018-08-23,120.38985164521222,120.90496000879426,119.75811203485783,120.02052307128906,557400,0.0,0.0
2018-08-24,120.32183074951172,121.14794843949097,119.80671491889206,120.32183074951172,302700,0.0,0.0
2018-08-27,120.45787520592668,122.28505343796493,119.94276688288127,120.31208801269531,707300,0.0,0.0
2018-08-28,120.593954890528,121.1090632717286,118.08643861199569,118.27110290527344,604300,0.0,0.0
2018-08-29,118.44604246193654,118.44604246193654,116.70633195345046,117.85317993164062,670700,0.0,0.0
2018-08-30,117.53246010998636,117.82403454664077,115.97741374960339,116.44392395019531,529100,0.0,0.0
2018-08-31,116.4536340285086,117.64908020733519,116.03571466363941,117.35750579833984,551900,0.0,0.0
2018-09-04,117.35750958332176,117.785150086295,116.36616990784663,116.60914611816406,914300,0.0,0.0
2018-09-05,114.80140893786893,119.88446738943921,114.80140893786893,119.61233520507812,749400,0.0,0.0
2018-09-06,120.0982787114926,121.02158532755499,119.25271884585517,119.6220474243164,551300,0.0,0.0
2018-09-07,119.17496263618874,120.81747661486718,118.99029836161543,119.52484893798828,532600,0.0,0.0
2018-09-10,120.30237533761577,124.11224038603991,120.28294050417425,123.85955047607422,1065900,0.0,0.0
2018-09-11,123.80123736533571,124.33578799989776,122.56692146604544,122.92652893066406,562500,0.0,0.0
2018-09-12,122.84879014609916,123.42221052130108,121.45896573724875,121.76025390625,499300,0.0,0.0
2018-09-13,122.31420634694116,123.31526701245974,120.07882996157068,120.38983917236328,521300,0.0,0.0
2018-09-14,120.38985366285466,122.3919752348733,120.26350128963907,121.06046295166016,579200,0.0,0.0
2018-09-17,121.06045474786889,121.30343093830058,118.02811663691017,119.00973510742188,637900,0.0,0.0
2018-09-18,119.01946045725418,120.47731765160817,117.90176845857377,119.92333221435547,604100,0.0,0.0
2018-09-19,120.08855228774658,120.48703680691341,118.17389868404167,118.65985107421875,605400,0.0,0.0
2018-09-20,119.04860614234664,120.16629804458441,115.90935807380703,116.05514526367188,1066100,0.0,0.0
2018-09-21,115.85104760802018,116.37587708264087,113.81977016304937,115.65666961669922,1852400,0.0,0.0
2018-09-24,115.90937827119683,117.06594003822303,115.31651570013855,117.01734924316406,909000,0.0,0.0
2018-09-25,117.00762034285296,117.52272870953243,116.05515777447647,116.4633560180664,687700,0.0,0.0
2018-09-26,116.53138089572765,118.65013354528796,116.08430560096379,117.68794250488281,502100,0.0,0.0
2018-09-27,117.61020511601605,117.71711524012107,114.05302989225679,115.12212371826172,1433600,0.0,0.0
2018-09-28,115.7246954699118,116.58969008315988,114.93745501438244,115.59835052490234,1055800,0.0,0.0
2018-10-01,116.35643774429441,118.03782880774926,116.35643774429441,117.68794250488281,655300,0.0,0.0
2018-10-02,117.74626661653737,118.11558776677232,116.74520587073216,116.9881820678711,765000,0.0,0.0
2018-10-03,117.10481423433856,118.01840717344014,116.40504155034975,117.26032257080078,929300,0.0,0.0
2018-10-04,117.2311602819024,118.72789457183409,116.43419863817724,117.63935852050781,714400,0.0,0.0
2018-10-05,117.62963002891017,117.69766306441672,115.96767380578326,117.02705383300781,1005600,0.0,0.0
2018-10-08,116.9784561904915,117.94063981585187,115.94823952929848,117.68794250488281,648800,0.0,0.0
2018-10-09,117.5421713496053,118.31969075688234,114.62645688846447,114.84999084472656,886700,0.0,0.0
2018-10-10,114.39318843722879,115.05408397728179,110.57360239538689,110.72911071777344,1024800,0.0,0.0
2018-10-11,110.81659995857649,111.29283872644326,106.7929140289267,107.19139862060547,1395700,0.0,0.0
2018-10-12,108.67839271096638,108.67839271096638,105.41279204169919,106.21947479248047,1485100,0.0,0.0
2018-10-15,105.96677585645504,109.26153243261129,105.95705473254523,108.39653778076172,1562200,0.0,0.0
2018-10-16,109.82523668942288,113.0033619575502,108.81445486017503,110.69023132324219,1535900,0.0,0.0
2018-10-17,110.64162975139601,110.66107199821847,108.62007356948901,109.0477066040039,1299700,0.0,0.0
2018-10-18,108.77559460013426,108.77559460013426,106.16117546204458,106.79290771484375,1257700,0.0,0.0
2018-10-19,107.2011084456979,108.7464336055394,106.39442563663877,108.49373626708984,1332000,0.0,0.0
2018-10-22,108.18273325180064,108.99913723272273,107.01645032482166,107.94947814941406,917800,0.0,0.0
2018-10-23,106.59851272853108,106.8998008266677,104.13959491008065,105.91818237304688,1003000,0.0,0.0
2018-10-24,105.90845659625373,106.99698511720352,103.48841596373424,103.6730728149414,826900,0.0,0.0
2018-10-25,104.31454295003239,106.54991951928511,103.95493550811027,104.38257598876953,815800,0.0,0.0
2018-10-26,102.74977247434079,104.0812772506991,101.31135016607082,103.517578125,854900,0.0,0.0
2018-10-29,105.01432513134736,106.54021549462121,102.6234326040089,104.09101104736328,706300,0.0,0.0
2018-10-30,104.2270653607245,107.35659990359324,104.2270653607245,106.67626953125,917800,0.0,0.0
2018-10-31,107.63843879799204,108.84359847446154,107.11360940298663,107.50237274169922,853400,0.0,0.0
2018-11-01,107.49266632497105,108.54232525858382,106.07368624732933,107.78424072265625,951400,0.0,0.0
2018-11-02,108.16327974358059,108.69782290322996,106.09312531030515,106.91924285888672,709000,0.0,0.0
2018-11-05,106.73459255334723,106.73459255334723,103.38152371703147,105.76268768310547,1132900,0.0,0.0
2018-11-06,105.49053901483487,107.21080710361846,105.13093159964528,105.77239227294922,798800,0.0,0.0
2018-11-07,106.35554091196546,108.18271923822577,105.25729117440588,107.93974304199219,532100,0.0,0.0
2018-11-08,107.39431249378175,108.44623733087053,105.66057640237327,106.41056060791016,540100,0.24,0.0
2018-11-09,105.73848615550726,106.17679496052241,103.50800314566845,103.9463119506836,975500,0.0,0.0
2018-11-12,103.93656632603705,104.76447302213384,103.28398165991048,103.4398193359375,931200,0.0,0.0
2018-11-13,103.77098530220574,105.27096100144831,102.329447801926,102.68009185791016,964100,0.0,0.0
2018-11-14,103.24499376277791,104.65730438426198,101.77423752563737,102.48526763916016,771800,0.0,0.0
2018-11-15,102.03724589027422,104.91057118471161,101.63789839472756,103.79045867919922,1110800,0.0,0.0
2018-11-16,103.72228620305135,105.01772082920013,103.05022459345628,104.23851013183594,764900,0.0,0.0
2018-11-19,103.9170915590417,106.2060127420079,103.67358914742607,105.68978881835938,893500,0.0,0.0
2018-11-20,104.83264492492818,105.41705659832571,101.31646986387436,101.65737915039062,726400,0.0,0.0
2018-11-21,102.09569160289534,103.68332466321813,100.82947608065238,102.90412139892578,448700,0.0,0.0
2018-11-23,102.37815089449626,103.05021990461576,101.98854556354142,102.67035675048828,189400,0.0,0.0
2018-11-26,103.59565533578092,105.25146858240886,103.17683093606635,105.17355346679688,1441600,0.0,0.0
2018-11-27,104.61837210873442,105.47549786028321,102.3878892883107,103.18657684326172,647400,0.0,0.0
2018-11-28,103.41058634847275,105.8261331668742,102.54371849201038,105.81639099121094,457100,0.0,0.0
2018-11-29,105.45602104513196,105.9917293225809,103.0307391086258,103.4787826538086,1177200,0.0,0.0
2018-11-30,103.62488407798931,105.43654258666888,103.37163949314599,103.59566497802734,1280300,0.0,0.0
2018-12-03,104.94953058627183,105.93328232723258,102.00802497084783,102.28074645996094,931900,0.0,0.0
2018-12-04,102.06647107185304,102.92359687989362,97.0405777623006,98.01458740234375,1700000,0.0,0.0
2018-12-06,96.80680663557831,101.01452750981913,96.32954404637336,100.74180603027344,1356500,0.0,0.0
2018-12-07,100.6931200443516,101.43336949657228,96.92370726374591,97.24512481689453,887300,0.0,0.0
2018-12-10,97.48861567765421,97.61524167945703,95.57955778509863,97.31330108642578,667000,0.0,0.0
2018-12-11,98.61847607915021,99.31002203202218,95.68670498117456,96.09579467773438,663800,0.0,0.0
2018-12-12,97.44966452381784,98.06328790336684,95.6477407991244,95.74514770507812,892500,0.0,0.0
2018-12-13,96.05683779043382,96.05683779043382,92.93026759394985,93.37831115722656,752000,0.0,0.0
2018-12-14,91.712747758581,92.46273188298605,90.0666691520394,90.28095245361328,1294700,0.0,0.0
2018-12-17,90.29068372600094,91.67378295629084,89.49199617974212,91.2452163696289,970200,0.0,0.0
2018-12-18,91.79065373819873,92.28740066682393,90.7484638643241,91.13806915283203,916000,0.0,0.0
2018-12-19,90.86536214261112,92.35559573457397,89.01474230097527,89.50174713134766,986200,0.0,0.0
2018-12-20,89.43356349503458,91.00171958620736,89.20953801153688,90.0277099609375,1089000,0.0,0.0
2018-12-21,90.65107200430784,92.14130548409001,88.3718931366653,88.48876953125,1888600,0.0,0.0
2018-12-24,88.47903186832599,88.66409607733048,86.08296905276288,86.36543273925781,454500,0.0,0.0
2018-12-26,86.81348646678941,90.31992751670124,86.31674684397247,90.25174713134766,1184300,0.0,0.0
2018-12-27,89.2582345004977,91.36209869384764,88.46928914354304,91.36209869384766,566000,0.0,0.0
2018-12-28,91.57638399650094,92.22897610944882,90.39783321207848,90.80692291259766,690100,0.0,0.0
2018-12-31,91.29391802481453,91.50819388282798,89.57965914298512,90.6218490600586,973000,0.0,0.0
2019-01-02,89.1218907905007,91.8198944879151,88.95631091894519,90.81666564941406,937000,0.0,0.0
2019-01-03,89.97900508715979,90.4465329695963,88.24526917051831,88.5277328491211,662200,0.0,0.0
2019-01-04,89.66733236630579,92.08287973946514,89.66733236630579,90.93354797363281,833600,0.0,0.0
2019-01-07,90.71926616209343,92.13157730600382,89.7842177078273,90.81666564941406,1316900,0.0,0.0
2019-01-08,91.59584955566913,93.45620374071028,91.27442465375391,93.38802337646484,1358500,0.0,0.0
2019-01-09,93.84581843646734,94.61528687089742,93.07635000203726,94.44970703125,1037900,0.0,0.0
2019-01-10,94.02114690920233,94.83931884964754,93.38803917348595,94.57633209228516,646300,0.0,0.0
2019-01-11,93.89451723687334,95.16072512754623,93.58283449428127,94.94644927978516,611700,0.0,0.0
2019-01-14,94.18671945266152,95.71591413170914,93.74841813253505,95.46267700195312,789000,0.0,0.0
2019-01-15,95.36528400375732,95.58930205151583,94.12828764384305,94.55685424804688,789300,0.0,0.0
2019-01-16,94.76138866408286,95.76461729734423,94.24516479889812,94.43022155761719,757600,0.0,0.0
2019-01-17,95.69644196628253,97.90744046009281,95.50164302123528,97.32303619384766,1287300,0.0,0.0
2019-01-18,105.97224575270171,106.56639219366019,102.27100635962626,103.35215759277344,2007200,0.0,0.0
2019-01-22,102.81645498115621,103.16709904522844,100.43013434115156,101.10220336914062,1271600,0.0,0.0
2019-01-23,101.1119331775116,101.47231940107145,98.06328583547925,99.24183654785156,1234500,0.0,0.0
2019-01-24,99.70936763933263,101.07297516470258,99.24183975127458,100.04052734375,1000000,0.0,0.0
2019-01-25,100.73208018734591,102.08595305968632,100.20611406389578,101.64765167236328,991200,0.0,0.0
2019-01-28,100.20610340589423,102.08594220174359,99.24183599768132,101.73529815673828,1027300,0.0,0.0
2019-01-29,101.83271695942094,102.77750012492004,101.70609094269827,102.55348205566406,585200,0.0,0.0
2019-01-30,102.50476481590695,104.71577069582837,101.88139928711666,104.19954681396484,964600,0.0,0.0
2019-01-31,104.39435636430558,104.57942057891441,103.41060452032222,104.25799560546875,1228900,0.0,0.0
2019-02-01,104.3066781509812,105.20277257610088,103.82941555672717,105.02745056152344,769400,0.0,0.0
2019-02-04,105.20276768427435,105.83587534253746,103.91707544752433,105.81639099121094,656700,0.0,0.0
2019-02-05,105.81640478607409,107.13131629013095,105.21251614497149,106.67353057861328,824000,0.0,0.0
2019-02-06,106.44949864947405,107.37480469771056,105.29042497193556,105.81639099121094,1440900,0.0,0.0
2019-02-07,105.41609441423981,106.58770680807613,104.92792134198636,106.29480743408203,1723000,0.26,0.0
2019-02-08,105.97262001589367,106.86109120603041,104.01992756846374,106.69511413574219,1596000,0.0,0.0
2019-02-11,106.80252893223702,107.17353787161711,106.08980025277899,107.03684997558594,1022900,0.0,0.0
2019-02-12,107.51524707167637,109.00905557760262,107.4761923294974,108.85283660888672,845400,0.0,0.0
2019-02-13,106.45103226313829,108.65757691151184,106.16789095193246,108.44277954101562,979900,0.0,0.0
2019-02-14,107.68121832569396,109.92681001277073,107.32973311398978,109.45816802978516,1021900,0.0,0.0
2019-02-15,110.28806467741481,111.18630138405524,109.78036793637942,110.90316009521484,1545500,0.0,0.0
2019-02-19,110.69812130647318,111.69399852839292,109.92680697151333,111.11795043945312,1054300,0.0,0.0
2019-02-20,111.1179580946173,111.75258461129799,110.55168296257527,111.09843444824219,732700,0.0,0.0
2019-02-21,111.09842015584447,111.09842015584447,108.14985085419393,108.81376647949219,999400,0.0,0.0
2019-02-22,108.98952585453,108.98952585453,106.0214324519252,106.52913665771484,1464900,0.0,0.0
2019-02-25,107.04658647800572,107.76908051082695,104.7716982630259,104.84980773925781,936000,0.0,0.0
2019-02-26,104.94745774341789,106.38268794212006,104.65455833382266,105.44539642333984,757800,0.0,0.0
2019-02-27,105.11344739256546,105.53326915522092,104.35189101306568,104.47882080078125,461100,0.0,0.0
2019-02-28,104.32259583193989,105.27941843913992,103.37553877298814,105.12319946289062,807700,0.0,0.0
2019-03-01,105.24035491143589,106.1093024097383,104.37140741313347,104.683837890625,685900,0.0,0.0
2019-03-04,105.54303215865669,106.21671348049615,102.9361893595237,103.58057403564453,883500,0.0,0.0
2019-03-05,103.22909549454566,103.75631593085298,100.3000566536202,100.4172134399414,1435500,0.0,0.0
2019-03-06,100.30004246353099,101.44236566213671,99.81186939244172,100.7979736328125,1078800,0.0,0.0
2019-03-07,100.54414851394631,100.93468108747327,99.05033236937342,99.48969268798828,916700,0.0,0.0
2019-03-08,98.81600338047826,99.53849752205775,97.2636164135659,99.37252044677734,1357600,0.0,0.0
2019-03-11,99.1870195282828,102.32109778491831,98.94293294716319,102.13558959960938,1049900,0.0,0.0
2019-03-12,102.1453609517866,102.77998013960749,100.54415348458625,101.43262481689453,712700,0.0,0.0
2019-03-13,101.84266961316375,103.95158097805817,101.53023912750498,102.9264144897461,809600,0.0,0.0
2019-03-14,102.6725741129539,103.2193256233716,101.55953254699824,101.67669677734375,667100,0.0,0.0
2019-03-15,101.73526532473346,102.69208782431848,100.66128605506901,100.85655975341797,824700,0.0,0.0
2019-03-18,100.61247532548893,101.78408774441374,100.34885768942628,101.66692352294922,773800,0.0,0.0
2019-03-19,101.63764790970073,101.63764790970073,97.94706010316217,98.122802734375,815300,0.0,0.0
2019-03-20,97.82012805552503,98.69883367542737,96.47276553367146,97.33195495605469,1067800,0.0,0.0
2019-03-21,97.01952533968205,98.06421548395218,96.83401717656338,97.69319915771484,1074300,0.0,0.0
2019-03-22,97.4393477057902,97.44910580395609,95.12540467346263,95.23280334472656,1079400,0.0,0.0
2019-03-25,95.3206836068956,96.18963119081084,94.09049267059164,94.30528259277344,1377100,0.0,0.0
2019-03-26,94.54936548935127,95.86743886110966,94.52007629423319,95.7697982788086,776400,0.0,0.0
2019-03-27,95.76005042494197,97.36125782010622,95.65265173206485,96.75592041015625,863400,0.0,0.0
2019-03-28,96.82426166782814,99.0015172142489,96.82426166782814,98.5914535522461,681800,0.0,0.0
2019-03-29,99.04056505921994,99.2748860713322,98.59144668228367,98.89411163330078,746100,0.0,0.0
2019-04-01,99.81186993857122,101.42283512283643,99.7630496516232,101.00300598144531,727100,0.0,0.0
2019-04-02,101.0030130999568,101.56929569317259,100.22194059624962,100.77845764160156,723800,0.0,0.0
2019-04-03,101.25687368939082,102.72139313664657,100.79798973742172,101.09089660644531,483200,0.0,0.0
2019-04-04,101.09088330052275,103.28766218225894,101.09088330052275,101.8133773803711,494500,0.0,0.0
2019-04-05,101.95983191194367,102.7702010293777,101.63763588468481,102.20391845703125,675800,0.0,0.0
2019-04-08,102.02818174022812,102.51635485860241,101.2861565145986,101.54977416992188,629600,0.0,0.0
2019-04-09,100.57342521577297,101.18852064669025,99.90950949476508,100.56365966796875,544200,0.0,0.0
2019-04-10,100.4269853984553,100.47580569515918,98.89412193848926,99.95833587646484,1012700,0.0,0.0
2019-04-11,100.32934304153042,102.42848897521532,99.85092801434196,102.22344970703125,1173600,0.0,0.0
2019-04-12,102.76043327565993,104.47880460188445,102.69208934245992,104.15660858154297,1131900,0.0,0.0
2019-04-15,104.30307419192691,104.79124732870582,102.17463901761359,103.00453186035156,1424500,0.0,0.0
2019-04-16,97.63462138330328,100.56366002480237,96.93165091751462,97.90799713134766,3611200,0.0,0.0
2019-04-17,97.77131230195971,98.83553358162179,95.52571296064276,96.17987060546875,2121000,0.0,0.0
2019-04-18,94.55913638391463,97.02929129761446,94.25647141867378,94.9106216430664,3040800,0.0,0.0
2019-04-22,94.59819480245136,96.71686453926615,94.2076547827926,96.28727722167969,1507700,0.0,0.0
2019-04-23,96.5411201637854,96.56065126132873,95.2816325337631,95.67217254638672,1606700,0.0,0.0
2019-04-24,95.78933054143516,96.91213021119631,95.78933054143516,96.17010498046875,1235900,0.0,0.0
2019-04-25,95.76003690895455,96.28726474986385,94.11977499799127,94.55912780761719,937900,0.0,0.0
2019-04-26,94.76416353115292,96.42395660606641,94.71535068858323,95.9943618774414,716100,0.0,0.0
2019-04-29,95.94553425923526,96.41418369548686,91.98157121703287,93.34845733642578,1935100,0.0,0.0
2019-04-30,93.04578938253461,93.34845429987305,91.02475318674435,92.24518585205078,1482900,0.0,0.0
2019-05-01,92.12802180298918,92.12802180298918,89.33567126374886,89.63833618164062,1345100,0.0,0.0
2019-05-02,89.89290324838822,92.86942558191846,89.51104747741705,92.50715637207031,1797100,0.26,0.0
2019-05-03,93.14358253470884,94.2304051611033,92.69318871648628,93.95625305175781,1043400,0.0,0.0
2019-05-06,92.34072176200883,95.01372024486145,92.03719722541638,94.65144348144531,983900,0.0,0.0
2019-05-07,93.65274456701721,94.37729061835203,92.75195677669973,93.98564147949219,1081200,0.0,0.0
2019-05-08,93.7212887660588,94.8374840296174,93.17298441766833,93.29047393798828,952600,0.0,0.0
2019-05-09,92.62465318991536,93.79960043751302,92.57570172340186,93.40795135498047,1001700,0.0,0.0
2019-05-10,93.1925626020492,93.22193498184164,91.55743538618722,93.07506561279297,792400,0.0,0.0
2019-05-13,91.15597724253273,92.01760674184224,89.5795950577525,91.5867919921875,2062800,0.0,0.0
2019-05-14,91.80220042636864,94.18145991836137,91.67491017427353,93.63314819335938,1136400,0.0,0.0
2019-05-15,93.0750634691981,93.90732071794416,92.50718004275458,93.5450439453125,831700,0.0,0.0
2019-05-16,93.62337731216677,94.78852403967485,93.25130724835063,94.5339584350586,846100,0.0,0.0
2019-05-17,94.06396595912146,95.89492125480918,93.6625310368026,94.01500701904297,1604800,0.0,0.0
2019-05-20,93.71148179982144,96.63904561836087,93.3296259743635,95.44452667236328,1133400,0.0,0.0
2019-05-21,95.59140517110887,96.13971700485767,93.56462871818742,93.75066375732422,1367900,0.0,0.0
2019-05-22,93.54504160033423,93.64295201829518,90.24540747743961,90.98954010009766,1707700,0.0,0.0
2019-05-23,90.35311031379887,90.41185506999621,87.87594015966496,89.12921142578125,1733100,0.0,0.0
2019-05-24,89.4718992480079,89.65793426448127,86.85765308534121,87.39617156982422,1463700,0.0,0.0
2019-05-28,84.47838449397844,86.05476665115407,83.9202869735556,83.96924591064453,2297800,0.0,0.0
2019-05-29,83.68530066784652,84.21402581504907,82.69638840344444,83.06845092773438,1213300,0.0,0.0
2019-05-30,83.176157456259,83.74404827859907,81.89351393518513,83.71467590332031,756700,0.0,0.0
2019-05-31,82.84327354067679,84.1259172624749,82.3537139558578,83.3622055053711,853500,0.0,0.0
2019-06-03,83.41115331083431,85.21272875669405,83.15658026910702,83.50906372070312,1202700,0.0,0.0
2019-06-04,84.56651483155602,86.76953268868503,84.2238171888231,86.64224243164062,1091800,0.0,0.0
2019-06-05,87.00450591929693,87.77801074553076,86.35828386063915,86.62265014648438,913900,0.0,0.0
2019-06-06,86.42684516880955,86.42684516880955,84.3804897052576,85.90791320800781,704900,0.0,0.0
2019-06-07,86.07436984564575,87.18077181883989,85.50647893405805,85.56522369384766,898200,0.0,0.0
2019-06-10,86.17226599052337,87.56261318914068,86.04497573862172,86.78910827636719,856600,0.0,0.0
2019-06-11,87.37659417968399,87.41575984358488,86.015619106996,86.07437133789062,549200,0.0,0.0
2019-06-12,86.06455915038667,86.99471918594259,85.68270334883552,86.8576431274414,702400,0.0,0.0
2019-06-13,87.24929096647438,88.73754849616358,86.90660082510695,88.17945098876953,963300,0.0,0.0
2019-06-14,88.18924555002071,89.30544058101012,86.87722971257472,88.95295715332031,1083000,0.0,0.0
2019-06-17,88.98233882083359,89.04109104497475,87.52345349113281,88.18925476074219,728900,0.0,0.0
2019-06-18,83.32303885375002,89.88314169455673,83.27408737790068,88.00322723388672,1389500,0.0,0.0
2019-06-19,88.434026562121,89.0410830229833,87.00451373823726,87.63114929199219,759900,0.0,0.0
2019-06-20,88.69839743957063,89.42295096637851,88.40466618580635,88.9725570678711,730500,0.0,0.0
2019-06-21,87.87592310435596,88.68859360109398,86.39745144295428,87.053466796875,1530100,0.0,0.0
2019-06-24,87.14159677204893,87.39616982053508,85.45751078528552,85.5064697265625,872300,0.0,0.0
2019-06-25,85.32042489515429,86.7499376689235,84.95814819361803,85.97643280029297,765100,0.0,0.0
2019-06-26,86.34851755478853,86.720580131035,85.60438493220951,86.50517272949219,484700,0.0,0.0
2019-06-27,86.9261825832769,88.47319237756177,86.82827217846705,87.81718444824219,650200,0.0,0.0
2019-06-28,88.18925824192823,90.30415911243662,88.18925824192823,89.50128173828125,1912000,0.0,0.0
2019-07-01,90.25519794268848,91.24411031442017,88.60048429148682,89.33482360839844,839600,0.0,0.0
2019-07-02,89.33482515840718,89.94188169348446,88.00322257636319,88.38507843017578,635600,0.0,0.0
2019-07-03,88.65923870318099,89.78521970748125,88.65923870318099,89.50128173828125,337400,0.0,0.0
2019-07-05,88.96275329589845,89.54042992258412,88.09133797999569,88.96275329589844,449400,0.0,0.0
2019-07-08,88.50258520528891,88.85506872013273,87.08286533223058,87.35701751708984,858400,0.0,0.0
2019-07-09,87.12200593334248,87.24928870538471,86.18204518411568,87.00450897216797,1342100,0.0,0.0
2019-07-10,87.82696978252285,88.06196371689191,85.45750363660582,85.8001937866211,945500,0.0,0.0
2019-07-11,83.597174683495,86.93597394541818,83.38177478570292,85.92748260498047,1459300,0.0,0.0
2019-07-12,85.95686391668507,91.56721199572408,85.95686391668507,90.99932861328125,1492300,0.0,0.0
2019-07-15,91.05806349851491,91.59658191584116,89.70688201970299,90.64683532714844,2020300,0.0,0.0
2019-07-16,97.54963616554951,99.05748052112237,95.29766665015067,95.68931579589844,5993600,0.0,0.0
2019-07-17,95.19974452807455,96.12990459855301,91.91968987198844,95.72846221923828,3210500,0.0,0.0
2019-07-18,95.70888246250367,97.22651990390736,95.20952967977111,97.1579818725586,2031200,0.0,0.0
2019-07-19,97.55942753462037,101.7011046572603,96.98175084529161,101.57381439208984,2519900,0.0,0.0
2019-07-22,101.61297245558458,101.82837983891903,99.9288865168811,100.9373779296875,1701600,0.0,0.0
2019-07-23,101.33881741971086,102.36689536707534,101.15278241759523,102.01441192626953,968000,0.0,0.0
2019-07-24,102.12211436189828,104.39367013584047,100.31073824161496,100.60447692871094,1598300,0.0,0.0
2019-07-25,100.35969320033756,100.69259006043455,99.20433253103272,100.00720977783203,1229200,0.0,0.0
2019-07-26,100.21283557713144,100.95696816386118,99.48828955509984,100.79051971435547,540700,0.0,0.0
2019-07-29,100.271585981268,100.7415589442939,99.02810059850397,99.72327423095703,710700,0.0,0.0
2019-07-30,98.74415636993079,100.55552514907482,97.73566492657368,100.49678039550781,639800,0.0,0.0
2019-07-31,100.35970466485628,101.17237528569471,98.69520523405879,100.232421875,702800,0.0,0.0
2019-08-01,100.15389101774055,101.52814958801507,99.24099137718954,99.3587875366211,1336200,0.26,0.0
2019-08-02,98.79928058868762,100.56617825482127,98.01398774433427,99.80052185058594,1467000,0.0,0.0
2019-08-05,98.7305504280037,98.7305504280037,94.40163731383493,95.11821746826172,1144900,0.0,0.0
2019-08-06,95.70718655774387,96.41394851827349,94.0286306460393,96.12928009033203,923800,0.0,0.0
2019-08-07,94.93171008049194,95.77589712819969,93.61635339491859,95.61884307861328,840300,0.0,0.0
2019-08-08,96.22745240060694,97.5231803347517,95.76609342216544,97.4544677734375,934500,0.0,0.0
2019-08-09,97.23849071032694,97.6605842062968,94.5979592951721,96.89492797851562,571900,0.0,0.0
2019-08-12,96.73786673490133,97.06179300699617,95.48139706925579,96.6102523803711,775500,0.0,0.0
2019-08-13,96.84586771712911,100.32076847511489,96.0213095367324,99.2311782836914,893700,0.0,0.0
2019-08-14,97.79801500411703,98.89742329915363,95.70718383789061,95.70718383789062,978000,0.0,0.0
2019-08-15,96.0801962314221,96.0801962314221,91.92798095798084,93.60653686523438,1693900,0.0,0.0
2019-08-16,94.66668683137357,96.47284975837884,93.97955376984213,96.2176284790039,764600,0.0,0.0
2019-08-19,97.29740103963111,98.56368163831564,97.29740103963111,97.68022918701172,419100,0.0,0.0
2019-08-20,97.71950050428526,98.7796360210957,97.33667233366626,98.3379135131836,658400,0.0,0.0
2019-08-21,99.26062166579338,100.46800039646617,98.68146661251696,100.05572509765625,619700,0.0,0.0
2019-08-22,100.66433179518638,100.66433179518638,99.08393559033122,99.91830444335938,547300,0.0,0.0
2019-08-23,99.68271301677603,99.75142556508456,96.53173154534015,97.31702423095703,1160600,0.0,0.0
2019-08-26,97.93544715636227,99.22136424746706,96.8360462712734,98.89743041992188,800700,0.0,0.0
2019-08-27,99.53547292101784,100.58579761576148,98.19066158736777,98.80908203125,1247100,0.0,0.0
2019-08-28,98.37716686758168,102.45085862211509,97.50353268876465,102.05821228027344,1069500,0.0,0.0
2019-08-29,103.65824262667073,105.92577180948636,103.33430881639613,104.93434143066406,1063300,0.0,0.0
2019-08-30,105.24845359846915,106.99572198865069,105.24845359846915,106.05337524414062,1004900,0.0,0.0
2019-09-03,104.9637921715444,105.88651003013337,103.60917004032146,104.6889419555664,933400,0.0,0.0
2019-09-04,105.75889623055619,107.11352585829732,105.29753729873751,106.828857421875,933400,0.0,0.0
2019-09-05,108.39942462091183,110.89272025632667,108.05586188335793,110.37246704101562,1157700,0.0,0.0
2019-09-06,110.59824723931197,111.14795517614493,108.49759768366522,108.7037353515625,989400,0.0,0.0
2019-09-09,109.49882912618729,111.9528592949579,109.19452429266782,111.77616882324219,1014300,0.0,0.0
2019-09-10,111.16757428174638,114.11241068656086,109.7246032451303,114.10259246826172,1249000,0.0,0.0
2019-09-11,113.57252131691443,113.82774256962274,110.74548105689793,113.6216049194336,1056500,0.0,0.0
2019-09-12,113.27805241606734,113.29768136538684,111.33445691273093,112.39459991455078,835300,0.0,0.0
2019-09-13,113.1308064381578,113.69032509451327,111.58967557843437,112.84613800048828,508500,0.0,0.0
2019-09-16,112.27679662696217,113.93572358070598,111.61911827444007,112.8853988647461,517200,0.0,0.0
2019-09-17,112.27679803292318,113.00319643556654,111.1283135839988,112.80686950683594,578000,0.0,0.0
2019-09-18,111.85469817952657,112.74796880430544,110.35283283282516,112.53201293945312,746300,0.0,0.0
2019-09-19,112.79705541522488,113.07190561814902,110.80437646581214,111.02033233642578,715300,0.0,0.0
2019-09-20,110.90254100356388,112.61054400143219,110.35283312183485,112.051025390625,1209600,0.0,0.0
2019-09-23,111.82525049449278,112.88539337751052,110.92216914485816,111.3638916015625,847100,0.0,0.0
2019-09-24,112.2571659756606,112.37496212963661,109.64607406415664,110.4411849975586,573700,0.0,0.0
2019-09-25,110.37247306839174,112.35532632563239,109.9994556565864,111.80562591552734,914800,0.0,0.0
2019-09-26,111.74670853065265,112.13935483566074,110.89271086804834,111.60928344726562,537500,0.0,0.0
2019-09-27,112.00194552309738,112.18845422928693,108.36998354084862,108.99821472167969,1017200,0.0,0.0
2019-09-30,109.39086146770546,110.32339002372863,108.14420983105268,108.61538696289062,943000,0.0,0.0
2019-10-01,109.06692227541922,110.04853438662695,105.54293090184832,106.41657257080078,827700,0.0,0.0
2019-10-02,105.98466435312321,107.22149775113004,104.29629026770894,104.7183837890625,873400,0.0,0.0
2019-10-03,104.99324356203563,106.82886113415718,103.3048693227122,106.77977752685547,751800,0.0,0.0
2019-10-04,106.49510895156267,107.2509545640943,105.34662443752093,106.58345794677734,532900,0.0,0.0
2019-10-07,106.38711754518316,107.11351589709714,104.9048886545908,106.12208557128906,725700,0.0,0.0
2019-10-08,102.98093360711381,105.52330546493994,102.98093360711381,104.04106903076172,743000,0.0,0.0
2019-10-09,104.61040899662605,105.47422501294938,103.95273063797852,104.08033752441406,709600,0.0,0.0
2019-10-10,103.7367725707225,106.02393068332186,103.47174058476719,105.60183715820312,590900,0.0,0.0
2019-10-11,107.48653869886846,109.11601858807012,106.98591436688268,108.32090759277344,786000,0.0,0.0
2019-10-14,107.9086262385305,108.21292361497265,107.08406812070078,107.5650634765625,890100,0.0,0.0
2019-10-15,106.99573745174801,109.94057426234659,106.5638256563459,109.54792785644531,1408000,0.0,0.0
2019-10-16,111.54056942670198,115.02529503992632,108.6546352247325,113.52342987060547,2444900,0.0,0.0
2019-10-17,113.48417494766993,114.99585847326995,113.48417494766993,114.04369354248047,1004400,0.0,0.0
2019-10-18,114.40689209851985,115.09401756595783,112.92465574549688,113.45472717285156,863700,0.0,0.0
2019-10-21,114.02407904444638,114.99587304507891,112.88540527472996,113.25841522216797,760600,0.0,0.0
2019-10-22,112.9639198810666,115.38850291514811,112.43384845956204,115.18235778808594,1055600,0.0,0.0
2019-10-23,114.6032333975134,115.17257031584613,112.97375342210057,114.7013931274414,817600,0.0,0.0
2019-10-24,114.49523994132207,114.60321787635121,113.00319277681105,113.63142395019531,778300,0.0,0.0
2019-10-25,113.690326051626,114.72102186948209,113.2780507201263,114.60322570800781,763900,0.0,0.0
2019-10-28,115.01549650189116,115.49649185877132,114.05352076634395,114.64248657226562,779600,0.0,0.0
2019-10-29,114.17130563081281,117.19467282003193,114.01425158271518,116.82166290283203,944000,0.0,0.0
2019-10-30,116.53699227128176,116.53699227128176,114.30872856141393,115.5357437133789,729400,0.0,0.0
2019-10-31,114.32836940013927,115.53574816226538,113.8670104869781,115.39832305908203,699700,0.0,0.0
2019-11-01,115.39831345570698,117.79344932176336,114.19093479405817,117.6952896118164,812300,0.0,0.0
2019-11-04,118.30389736003829,119.58981441627479,117.84254592347364,118.44132995605469,1128100,0.0,0.0
2019-11-05,118.46095269542577,118.9812059284731,116.76276040747092,117.68547821044922,907900,0.0,0.0
2019-11-06,117.4891610718903,117.83272382786116,115.77133980292957,117.71492767333984,997800,0.0,0.0
2019-11-07,118.03955813705791,120.30217459490312,117.25256665569592,118.64948272705078,488400,0.26,0.0
2019-11-08,118.64948841613244,119.35778603708515,117.86248939165633,118.02973175048828,634600,0.0,0.0
2019-11-11,117.62640013105413,117.62640013105413,115.39330207874195,116.25899505615234,638700,0.0,0.0
2019-11-12,116.17045176922494,117.488674066452,115.96386620507174,116.60330200195312,534000,0.0,0.0
2019-11-13,115.4621582226829,116.06224329842767,114.39971177657294,114.62596893310547,608300,0.0,0.0
2019-11-14,114.5177616984908,114.97028350830078,113.5831994236707,114.97028350830078,583600,0.0,0.0
2019-11-15,115.49167059628591,115.8654910140784,113.71108694865597,113.85865020751953,512500,0.0,0.0
2019-11-18,112.92409714978707,115.05882214404129,112.92409714978707,114.25215148925781,464000,0.0,0.0
2019-11-19,114.99979984173835,114.99979984173835,113.41596968332284,114.25215148925781,566200,0.0,0.0
2019-11-20,114.09474908861218,114.26198393832715,112.7666873263213,113.51433563232422,621800,0.0,0.0
2019-11-21,113.57336430013758,114.3111730959515,112.7076713483191,113.9275131225586,550300,0.0,0.0
2019-11-22,114.12426354797556,114.83256117363973,113.64222307722251,114.4292221069336,465200,0.0,0.0
2019-11-25,114.66531726509733,116.25898690131861,114.4784108147339,115.45231628417969,515600,0.0,0.0
2019-11-26,115.76711954599875,116.43606649039418,114.88174748644904,115.57037353515625,557300,0.0,0.0
2019-11-27,115.59987942419036,115.97369982992667,114.03572093928912,114.7440185546875,387500,0.0,0.0
2019-11-29,114.71450604285697,115.15718829453525,113.48482478221867,113.7406005859375,271700,0.0,0.0
2019-12-02,114.06524038401005,114.99980272438177,112.39287673021983,112.46173858642578,883800,0.0,0.0
2019-12-03,111.04514460532666,111.45832325297506,109.58920605484211,109.79579162597656,991300,0.0,0.0
2019-12-04,109.53999681252722,111.05496491032525,109.53999681252722,109.97284698486328,1017600,0.0,0.0
2019-12-05,110.38604123155302,111.67474496291393,109.87449706124619,111.61572265625,980700,0.0,0.0
2019-12-06,112.31418268407299,114.00622555362806,112.16661940956436,112.58963012695312,529100,0.0,0.0
2019-12-09,113.13067935598019,113.54385047059802,112.39287057757163,112.62896728515625,653000,0.0,0.0
2019-12-10,112.72733672919183,112.72733672919183,110.90740996764623,111.13367462158203,571900,0.0,0.0
2019-12-11,111.22221340076236,111.88132829101417,109.57936096191406,109.57936096191406,1019200,0.0,0.0
2019-12-12,109.58920351591455,111.44848111842896,109.00879001537264,110.62213134765625,1581400,0.0,0.0
2019-12-13,110.83853986087477,114.03571089488594,110.40569719377352,111.16317749023438,826100,0.0,0.0
2019-12-16,111.1238385780634,112.78637009379865,110.62212650723946,112.62896728515625,1377800,0.0,0.0
2019-12-17,112.8650666406555,113.6028753873104,110.67131199823497,112.73717498779297,1024800,0.0,0.0
2019-12-18,112.66830652713121,113.81928630308438,111.7140727365898,113.6422119140625,751300,0.0,0.0
2019-12-19,113.70124171398862,114.22262533017023,113.08147759972287,113.6422119140625,741300,0.0,0.0
2019-12-20,114.21279116712329,115.28507710272237,113.11100158823672,114.82271575927734,3995000,0.0,0.0
2019-12-23,115.47198281932265,115.47198281932265,113.91767145812163,114.49807739257812,623800,0.0,0.0
2019-12-24,114.47841489307561,115.10801112861958,113.98654236497069,114.66532135009766,164100,0.0,0.0
2019-12-26,115.04898753583062,115.22606195572803,114.02589922684507,114.85224151611328,252800,0.0,0.0
2019-12-27,114.85222518993551,115.20637397938829,114.39970340460773,114.78336334228516,333500,0.0,0.0
2019-12-30,114.74401985875478,115.06865752039836,112.53059353816865,114.68499755859375,295600,0.0,0.0
2019-12-31,114.43906971962794,115.29492315644082,113.85865620562267,114.88175201416016,448200,0.0,0.0
2020-01-02,115.98354625602603,116.0720797105088,114.54727934206402,115.6097183227539,623100,0.0,0.0
2020-01-03,113.96685849943533,115.30475232041545,113.96685849943533,115.12767791748047,535200,0.0,0.0
2020-01-06,109.41212132866292,114.31116728062702,109.41212132866292,113.13067626953125,928700,0.0,0.0
2020-01-07,112.9831057486259,115.94418014287542,112.13708449312604,115.73759460449219,614500,0.0,0.0
2020-01-08,115.8556387979629,117.46898741170384,115.38344542766951,116.82955169677734,652300,0.0,0.0
2020-01-09,117.42964627851558,118.17728709327558,116.5737854052495,117.09516906738281,1058500,0.0,0.0
2020-01-10,117.47882546955275,118.15761191763872,116.85906882480819,117.14435577392578,558600,0.0,0.0
2020-01-13,116.85907847658665,117.39030171826262,115.81631109776674,116.57379150390625,566800,0.0,0.0
2020-01-14,116.81971233546614,117.82312887800221,116.46556355448203,117.0558090209961,613800,0.0,0.0
2020-01-15,116.90824985764414,118.48224783044549,116.6032913154687,117.1050033569336,654100,0.0,0.0
2020-01-16,117.8133010864258,118.8757399623624,117.20337649595702,117.81330108642578,1119400,0.0,0.0
2020-01-17,112.70766726854468,117.06565803161755,110.95660232405844,112.81587982177734,3945800,0.0,0.0
2020-01-21,113.29791335636543,116.45573400348479,112.8945817966754,113.97669982910156,1869100,0.0,0.0
2020-01-22,112.6584799847207,114.3013399246579,111.78294748939912,112.44206237792969,1323500,0.0,0.0
2020-01-23,112.6781459204386,114.86206088019505,112.0583893124178,114.60628509521484,982700,0.0,0.0
2020-01-24,115.00962286473577,115.04896605703051,112.14692152840293,113.8291244506836,561500,0.0,0.0
2020-01-27,111.82229500668355,113.54384879760424,111.61570945241854,112.94376373291016,837300,0.0,0.0
2020-01-28,113.16019187568354,113.75043740447755,110.9369259616677,111.02546691894531,702900,0.0,0.0
2020-01-29,111.26156802616953,112.30434292380524,110.0023755135477,110.11058807373047,784300,0.0,0.0
2020-01-30,109.50066614719952,110.10075126667438,108.44805917630389,109.86465454101562,537500,0.0,0.0
2020-01-31,109.39244885253763,109.97286234700991,105.7722666923831,106.17560577392578,921300,0.0,0.0
2020-02-03,106.78553585980632,109.32359256725854,106.04772701924215,108.64481353759766,735700,0.0,0.0
2020-02-04,109.64822343843608,112.17644794130219,108.75301933702937,111.44847869873047,814600,0.0,0.0
2020-02-05,112.28464911182934,113.26839407163536,109.96301040625684,110.30731964111328,549100,0.0,0.0
2020-02-06,110.69191545339565,111.10608384366269,108.8084235702608,110.47496795654297,574200,0.27,0.0
2020-02-07,109.67620959255395,111.44136436172775,109.34092505767727,110.95816040039062,768500,0.0,0.0
2020-02-10,110.64261239089595,111.95415322044204,109.29163339935177,110.51441955566406,523500,0.0,0.0
2020-02-11,111.3526088114158,112.3288725041987,110.672191492697,110.84969329833984,435500,0.0,0.0
2020-02-12,111.12580541234551,114.80402681998908,111.03705074788387,112.378173828125,451600,0.0,0.0
2020-02-13,111.60901871788225,113.11778053036187,111.16526789897493,112.64444732666016,583100,0.0,0.0
2020-02-14,112.66414726942602,112.75289440873297,108.42383062100394,108.54216766357422,923100,0.0,0.0
2020-02-18,108.54218375296445,109.20288207738928,106.42202511447873,108.08856964111328,670200,0.0,0.0
2020-02-19,108.57175596106993,109.18315276243246,107.98008576295815,108.58161926269531,348000,0.0,0.0
2020-02-20,108.40411817994311,108.92676031718159,107.25036015734176,108.43370056152344,615400,0.0,0.0
2020-02-21,108.01953191968207,108.502728372518,106.94465774264481,108.17730712890625,439000,0.0,0.0
2020-02-24,106.28395836588071,106.28395836588071,102.48739980059344,103.88768768310547,1038900,0.0,0.0
2020-02-25,104.08491664400104,104.57797639594138,99.50932274787439,99.86431884765625,1091300,0.0,0.0
2020-02-26,100.39682733913297,101.46183824138686,98.97682032628941,99.27265167236328,907500,0.0,0.0
2020-02-27,97.61597027389416,100.13057808751688,94.9337239456286,95.4465103149414,1246300,0.0,0.0
2020-02-28,92.45857107143026,95.11122754371566,90.7328618597356,95.10137176513672,1358400,0.0,0.0
2020-03-02,95.30845834820924,96.09734949344791,92.63607520502855,95.2197036743164,816700,0.0,0.0
2020-03-03,94.70692441124014,96.77777400366398,91.71898331772205,93.22774505615234,933200,0.0,0.0
2020-03-04,92.84315808974947,96.78763633021896,92.66565626798854,96.68902587890625,1125700,0.0,0.0
2020-03-05,94.43081178132992,95.26901190803792,91.00897568229722,91.79786682128906,771000,0.0,0.0
2020-03-06,88.78034129163946,92.26134207620366,87.52797278181559,91.93592834472656,782600,0.0,0.0
2020-03-09,85.45711519363749,87.26170807023966,84.37237777926624,84.54002380371094,1271200,0.0,0.0
2020-03-10,86.69962782012672,91.05827436464584,84.80628011619466,90.86105346679688,1548300,0.0,0.0
2020-03-11,88.35630987998687,89.78618773680483,86.20656896723216,87.09407806396484,883900,0.0,0.0
2020-03-12,84.80627833575815,84.95419776778692,80.13207393871468,82.23250579833984,1434600,0.0,0.0
2020-03-13,84.85558017149206,87.55754530981942,82.75514096534292,86.67003631591797,1162300,0.0,0.0
2020-03-16,78.0119159544628,80.53637952220183,74.24493968294819,74.33368682861328,1022300,0.0,0.0
2020-03-17,76.31578008089447,86.13752844284363,74.51117976576533,84.10612487792969,1132100,0.0,0.0
2020-03-18,80.46734917335034,83.97793968655535,77.69635580384268,83.49473571777344,1117700,0.0,0.0
2020-03-19,83.91877339358477,86.48268275534328,80.7237481127317,82.92279052734375,826500,0.0,0.0
2020-03-20,82.83403620343222,85.65433851414294,79.08677917530771,79.51081085205078,1049500,0.0,0.0
2020-03-23,79.96441899057226,81.09845781173581,76.69050286484855,77.94287872314453,904800,0.0,0.0
2020-03-24,80.97027478889167,85.28947559936071,79.64887071334955,84.78656005859375,953200,0.0,0.0
2020-03-25,84.94434305828271,93.59261629744006,83.21863373154387,90.34828186035156,1445400,0.0,0.0
2020-03-26,90.36797697536905,93.61231055201137,87.69559442953765,92.42897033691406,1015600,0.0,0.0
2020-03-27,88.39575287328177,91.3935571068072,86.12767497552069,88.80992126464844,963700,0.0,0.0
2020-03-30,88.70144531164603,93.68135175652218,88.14922080354692,92.26133728027344,700500,0.0,0.0
2020-03-31,91.14701946111744,93.22773206589619,89.83547881004945,90.94979858398438,1063600,0.0,0.0
2020-04-01,87.6758862057706,91.8668939779739,86.8376786325343,89.24381256103516,809200,0.0,0.0
2020-04-02,87.9914542293115,90.12146862915243,86.80810620851508,89.61854553222656,910000,0.0,0.0
2020-04-03,89.13533640681139,90.77229830367808,87.45893635265371,88.51408386230469,845800,0.0,0.0
2020-04-06,91.68940248036878,96.35374391223445,90.7821667427615,95.5845718383789,1205400,0.0,0.0
2020-04-07,98.32597057448103,99.71640262606518,95.90011760272249,97.08345794677734,1672400,0.0,0.0
2020-04-08,97.82305031391631,98.40486472472985,96.6791556187238,97.45819091796875,1089500,0.0,0.0
2020-04-09,98.82889614225324,101.60975279328466,96.16636901456702,97.81319427490234,1020200,0.0,0.0
2020-04-13,97.91181732156899,97.92168062428219,93.06996640828628,93.61233520507812,905700,0.0,0.0
2020-04-14,95.51554043551843,98.12875875375393,94.89428782604158,96.53124237060547,1731500,0.0,0.0
2020-04-15,98.88805733780669,100.8701595408006,96.2452569083129,99.42056274414062,1603500,0.0,0.0
2020-04-16,98.98668032641557,102.67477295742292,98.11889780802899,102.30990600585938,1196500,0.0,0.0
2020-04-17,104.5385312581981,106.6389631039608,103.55241174917424,106.08673858642578,930600,0.0,0.0
2020-04-20,104.6667287903233,105.75145879430549,99.2134888640761,99.4896011352539,1035300,0.0,0.0
2020-04-21,95.6733043783096,99.5388982856055,95.6733043783096,98.49360656738281,761900,0.0,0.0
2020-04-22,100.41654526601845,100.41654526601845,97.50748837827832,98.85847473144531,605500,0.0,0.0
2020-04-23,98.83876325655457,100.49544435874792,98.07944700948954,99.46987915039062,1016800,0.0,0.0
2020-04-24,100.24891532994516,100.72224849259912,98.75987272862737,100.18974304199219,882400,0.0,0.0
2020-04-27,100.95891503150595,104.33144955059944,100.30808005225649,103.1974105834961,640100,0.0,0.0
2020-04-28,105.2288135339754,106.09659600689086,103.70033278542562,103.95671844482422,736900,0.0,0.0
2020-04-29,106.1458990097569,106.29381843476187,103.01990209959395,104.22296905517578,963500,0.0,0.0
2020-04-30,103.54255669665332,103.69047613949049,99.40085743818535,99.71641540527344,1023800,0.0,0.0
2020-05-01,98.20763983922362,100.57432820285625,97.54694156341007,99.46987915039062,749400,0.0,0.0
2020-05-04,99.12474285419607,99.12474285419607,95.31832796726562,98.98668670654297,950000,0.0,0.0
2020-05-05,100.78141459763455,100.78141459763455,99.06556869407386,99.63751983642578,706300,0.0,0.0
2020-05-06,100.04182512190644,100.1404430954894,98.14847739563689,98.41473388671875,532100,0.0,0.0
2020-05-07,99.6111681034647,100.65929553259204,98.58282079136288,98.97834014892578,540300,0.27,0.0
2020-05-08,99.60127399885604,102.2018008361848,99.56172131331182,102.09303283691406,485100,0.0,0.0
2020-05-11,101.00535705927621,102.77530007355475,100.12533058065493,102.04358673095703,432600,0.0,0.0
2020-05-12,102.60721271827792,103.625677497084,98.53338377867016,98.70147705078125,579600,0.0,0.0
2020-05-13,98.79046378873501,99.2156381887866,95.40878080811181,96.87220001220703,512200,0.0,0.0
2020-05-14,95.34946661290496,97.87089594067545,94.23213139516704,97.58414459228516,724400,0.0,0.0
2020-05-15,96.20972220857543,98.00932816506842,95.73509745851042,97.0403060913086,846800,0.0,0.0
2020-05-18,100.35276050976864,102.22158167545227,99.56172936661012,101.48987579345703,655200,0.0,0.0
2020-05-19,100.78784414207406,103.39826154835701,100.75818150807844,100.93616485595703,468100,0.0,0.0
2020-05-20,102.66654271534489,104.72323724553898,102.53799459226781,103.83332061767578,575700,0.0,0.0
2020-05-21,104.19917422848214,105.3956148121355,103.54657370280951,104.9209976196289,641500,0.0,0.0
2020-05-22,104.78257048197689,107.35343506845761,103.89265378637465,107.24466705322266,843700,0.0,0.0
2020-05-26,111.72389616324661,113.39496139777255,110.7252190808447,113.25653076171875,1319000,0.0,0.0
2020-05-27,114.16622150958942,118.19061515576738,113.33563768194966,118.18072509765625,1275700,0.0,0.0
2020-05-28,118.34882608114019,119.3771733529704,116.71731351002586,117.54789733886719,929600,0.0,0.0
2020-05-29,117.06339227378122,118.86299814684281,116.6975355554029,118.32904815673828,1009400,0.0,0.0
2020-06-01,117.67643652168168,118.18071628920397,114.19587562857171,114.26509094238281,946800,0.0,0.0
2020-06-02,113.99812403144172,117.7950914642712,113.99812403144172,116.46022033691406,1034300,0.0,0.0
2020-06-03,118.2895039085629,118.46748725129866,114.40354054541938,114.66062927246094,979100,0.0,0.0
2020-06-04,114.92759806637577,116.29213187944359,114.20577469917576,116.28224182128906,898300,0.0,0.0
2020-06-05,118.23016660531164,119.58481788398969,117.08316882527139,119.38705444335938,1018200,0.0,0.0
2020-06-08,120.76148041758015,121.01856912296817,118.90254930639169,120.64282989501953,614200,0.0,0.0
2020-06-09,118.58614159322974,119.14975423682618,117.48857893824122,118.46748352050781,635400,0.0,0.0
2020-06-10,118.37848533177326,120.2473064372133,117.48856872349138,117.65666198730469,763400,0.0,0.0
2020-06-11,115.22423222592484,115.93616553688601,110.9823025347012,111.47669982910156,766400,0.0,0.0
2020-06-12,114.0080148982875,114.571627491345,110.21103989460771,112.82145690917969,817000,0.0,0.0
2020-06-15,110.12205627338989,114.82871309314022,109.05415630498103,114.38375854492188,574700,0.0,0.0
2020-06-16,117.18204444212662,117.76542960659499,114.80893600910656,115.38243865966797,1025000,0.0,0.0
2020-06-17,118.46748115731467,120.14843653977374,116.8458585819852,118.47737121582031,892000,0.0,0.0
2020-06-18,117.43913593471532,118.39826794140671,116.90519346838211,117.96320343017578,664900,0.0,0.0
2020-06-19,119.89134356948105,119.89134356948105,115.15501659660173,116.28224182128906,1114400,0.0,0.0
2020-06-22,115.63951394137874,116.60853587223757,114.1068869902829,115.81749725341797,593100,0.0,0.0
2020-06-23,118.97176132323551,119.8616779372564,117.28092352854772,118.50702667236328,814100,0.0,0.0
2020-06-24,117.02383407802914,118.55646865587417,115.55053230333996,115.728515625,604600,0.0,0.0
2020-06-25,115.15501875045952,117.21171333863616,114.17611420416456,117.06339263916016,517100,0.0,0.0
2020-06-26,116.17348000403553,118.58614133683413,115.67908268461971,117.96320343017578,1224000,0.0,0.0
2020-06-29,118.89266213856803,119.76280622598773,117.32048232518704,118.73445892333984,756300,0.0,0.0
2020-06-30,118.51692941518563,119.88146334012842,117.99286944858959,118.99154663085938,649800,0.0,0.0
2020-07-01,119.6045956878259,120.02977767389946,115.93616857258863,116.3316879272461,604900,0.0,0.0
2020-07-02,117.53801791524167,118.39826439717504,116.56899587887624,116.93485260009766,563200,0.0,0.0
2020-07-06,117.86431644219329,120.21765248098178,117.43913445111082,119.4859390258789,650400,0.0,0.0
2020-07-07,118.69489958975147,123.77730301188264,118.3784856331018,122.65007781982422,935600,0.0,0.0
2020-07-08,122.8082923899682,125.79445645457679,122.52154858039012,124.49913787841797,775200,0.0,0.0
2020-07-09,124.42002842979971,124.74633246384748,121.88870908119483,123.59932708740234,874800,0.0,0.0
2020-07-10,124.05417469632931,126.32840538712298,123.80697603619541,126.20974731445312,1083000,0.0,0.0
2020-07-13,127.2183163888428,128.82015880684853,123.81686056331264,124.2420425415039,1093100,0.0,0.0
2020-07-14,125.23084384988627,127.58417239955108,124.24204920052894,127.24798583984375,676000,0.0,0.0
2020-07-15,127.71271568418082,129.67052479100474,126.56571031339169,128.87948608398438,943900,0.0,0.0
2020-07-16,128.5235034457327,131.5096670268685,127.91045569069803,131.06471252441406,1268000,0.0,0.0
2020-07-17,135.46484099499523,137.2051138126638,133.68500794976254,135.286865234375,2292300,0.0,0.0
2020-07-20,134.01133999404635,135.86038119299678,132.18206382521072,132.8939971923828,1491600,0.0,0.0
2020-07-21,133.4872481347756,134.67379843396805,130.59008769518238,131.53932189941406,869000,0.0,0.0
2020-07-22,131.31192032083848,133.63557847946944,129.80894836808233,130.67909240722656,1147200,0.0,0.0
2020-07-23,129.93751616225057,132.0040934803061,129.58154946395985,129.99684143066406,718300,0.0,0.0
2020-07-24,129.58154390100367,130.70876921589743,128.74106240040172,129.32444763183594,912200,0.0,0.0
2020-07-27,129.63098502774625,131.18338478710783,128.30598872615164,128.88938903808594,981300,0.0,0.0
2020-07-28,128.70150912031258,129.4826502178816,126.27895781713285,126.54593658447266,854500,0.0,0.0
2020-07-29,127.68304611166944,130.19457765053176,127.41606735640444,128.75094604492188,853700,0.0,0.0
2020-07-30,127.09966544992233,127.999472257558,126.15043097700924,127.59406280517578,532800,0.0,0.0
2020-07-31,127.18865124609172,128.1576657068016,124.13327208084857,127.95001220703125,990300,0.0,0.0
2020-08-03,128.66195946946394,130.79775960823522,128.6421944390044,129.15635681152344,847300,0.0,0.0
2020-08-04,129.10691779969002,130.75820296649158,128.4839723753499,130.68898010253906,832200,0.0,0.0
2020-08-05,130.91637811323605,132.1029435141305,129.85837590573237,130.36265563964844,785600,0.0,0.0
2020-08-06,131.2346035829175,132.85955393954788,129.82763566231552,132.66139221191406,758200,0.27,0.0
2020-08-07,131.8885483439976,134.80157255214806,131.8885483439976,134.70248413085938,962500,0.0,0.0
2020-08-10,135.40599137392263,136.79313872055678,134.7024997860618,135.44561767578125,752800,0.0,0.0
2020-08-11,136.1986436941133,138.54689121889714,135.60414337754395,136.42652893066406,852200,0.0,0.0
2020-08-12,137.25880920390256,139.70614501039478,135.72302940875767,136.0500030517578,855200,0.0,0.0
2020-08-13,135.19789678055258,136.71385589864778,134.79165541720144,135.4555206298828,527500,0.0,0.0
2020-08-14,136.04011305075502,137.66506350532157,135.47533621825016,135.93112182617188,638000,0.0,0.0
2020-08-17,136.49588434373626,138.15055831304525,136.18873137776723,138.14065551757812,521900,0.0,0.0
2020-08-18,138.07130657068618,138.3388181189075,136.5157059026862,136.7336883544922,859500,0.0,0.0
2020-08-19,137.87312007183647,138.5964323017073,136.58506127964395,137.00120544433594,692500,0.0,0.0
2020-08-20,136.00044288316548,138.16044620864724,135.4059577900993,137.44705200195312,470600,0.0,0.0
2020-08-21,137.3182660418405,140.35018443379934,136.69405733211275,140.12229919433594,620600,0.0,0.0
2020-08-24,140.51862696744712,140.69696797970752,139.14136748517575,140.3303680419922,770300,0.0,0.0
2020-08-25,140.06284214763153,140.33036878621104,139.12156263413505,139.64669799804688,491700,0.0,0.0
2020-08-26,139.49809151991502,140.974424587338,138.4379177988641,140.89515686035156,572600,0.0,0.0
2020-08-27,141.19238912347555,143.02541917013085,140.40964498690994,141.48963928222656,608500,0.0,0.0
2020-08-28,142.21291411589877,142.34172602554347,140.08264936322783,140.44924926757812,534900,0.0,0.0
2020-08-31,140.7465197820941,141.84633477334094,138.2397368494022,139.2503662109375,629000,0.0,0.0
2020-09-01,139.05219833261268,140.27092240333587,137.8731156775133,139.67642211914062,695200,0.0,0.0
2020-09-02,139.785410739431,140.7564137414084,138.95312245202177,140.2709197998047,497500,0.0,0.0
2020-09-03,140.76633875377829,140.76633875377829,135.95093467838416,137.00120544433594,724300,0.0,0.0
2020-09-04,137.48669518296254,138.02174846309373,132.99826490043105,135.3663330078125,813200,0.0,0.0
2020-09-08,134.86102310366016,137.03092956551566,132.85955486740824,134.1476287841797,1084100,0.0,0.0
2020-09-09,135.13846244560312,138.02176343811257,135.13846244560312,136.78323364257812,574600,0.0,0.0
2020-09-10,136.7832366102341,137.44708678079087,133.91975626558312,134.75204467773438,697600,0.0,0.0
2020-09-11,135.68340286601622,136.41660274404734,132.9982639280015,133.88009643554688,760800,0.0,0.0
2020-09-14,135.0096307492124,135.3762457957987,129.83752987053364,130.8085479736328,902400,0.0,0.0
2020-09-15,130.96707310132052,132.54249431900115,130.0654349991659,131.75973510742188,786300,0.0,0.0
2020-09-16,132.55239721276303,132.96854136455445,130.16450839814917,130.3230438232422,976100,0.0,0.0
2020-09-17,128.96562025200413,133.25588881471808,126.96415208528602,133.2063446044922,842500,0.0,0.0
2020-09-18,132.07680793615228,133.03790817614924,128.32157748450962,130.41221618652344,1511600,0.0,0.0
2020-09-21,129.06471730939603,130.4122384342063,127.07316668941958,130.0159149169922,996100,0.0,0.0
2020-09-22,129.55020219344647,130.87790235797578,127.08304567258837,127.78653717041016,1289500,0.0,0.0
2020-09-23,128.11350184288392,129.88706953622676,127.28121359970973,128.4404754638672,766800,0.0,0.0
2020-09-24,129.2430660004393,130.9670898312612,127.44967724279155,129.65921020507812,484900,0.0,0.0
2020-09-25,128.7476526610877,129.84746773227474,127.94508776674593,128.14324951171875,794900,0.0,0.0
2020-09-28,129.06470341125524,130.3329566722981,128.75755045067365,129.35205078125,588900,0.0,0.0
2020-09-29,129.32232524172392,130.0059960754978,127.3902218759094,127.44966888427734,443500,0.0,0.0
2020-09-30,127.93515363794744,128.2819479867766,124.16011769114067,125.22029876708984,831000,0.0,0.0
2020-10-01,125.50764457631755,126.1814050393118,123.32783531571667,124.06104278564453,675100,0.0,0.0
2020-10-02,123.6746240832381,127.17223838121693,123.15939904307612,126.32012176513672,1084600,0.0,0.0
2020-10-05,126.81553669977856,130.14471284909465,126.49847338451785,129.35205078125,1470500,0.0,0.0
2020-10-06,129.84746268380647,131.6012250521124,128.29186205276886,129.35205078125,767500,0.0,0.0
2020-10-07,129.78801224009482,133.03791302536575,129.78801224009482,131.353515625,704300,0.0,0.0
2020-10-08,132.43350607538085,134.28634165018033,132.27497064684974,134.05845642089844,519600,0.0,0.0
2020-10-09,134.4646960859144,134.83129603083066,132.82982784756402,133.97918701171875,384900,0.0,0.0
2020-10-12,134.78175949543507,137.00121023686992,134.78175949543507,136.50579833984375,798700,0.0,0.0
2020-10-13,135.742844516262,138.32889493259998,135.742844516262,137.21917724609375,876100,0.0,0.0
2020-10-14,137.90283424763948,140.11238196714828,137.44706381565837,138.7252197265625,671900,0.0,0.0
2020-10-15,136.5057920941271,141.29147261468725,136.5057920941271,140.53843688964844,960400,0.0,0.0
2020-10-16,134.71239584578444,136.47606080842522,126.45882511599783,126.86505889892578,3406600,0.0,0.0
2020-10-19,123.96195818460399,126.36966016485522,122.16856964189728,122.80269622802734,1665800,0.0,0.0
2020-10-20,123.48636389254881,125.23021584661967,121.69297528554551,121.93077087402344,1047100,0.0,0.0
2020-10-21,121.74251032517088,124.7942415656303,120.6228747099831,124.0114974975586,1183000,0.0,0.0
2020-10-22,123.93224000218784,127.08305236012525,122.31719240557594,126.30030822753906,1150000,0.0,0.0
2020-10-23,126.71644573192123,128.67827247643248,126.0823191519393,127.78653717041016,803600,0.0,0.0
2020-10-26,127.1524130147099,127.44966316197477,124.58617558418656,126.10213470458984,948100,0.0,0.0
2020-10-27,126.16159250826348,127.9946074123714,124.76452736339505,125.17076873779297,877800,0.0,0.0
2020-10-28,122.87206131043104,124.78435154300595,121.85151400796099,122.44600677490234,883600,0.0,0.0
2020-10-29,122.70360464491714,122.99094442800661,121.128198574175,121.21736907958984,944900,0.0,0.0
2020-10-30,120.38509106359992,122.61444460181472,118.12601402104394,120.62288665771484,1316700,0.0,0.0
2020-11-02,121.90104946275186,122.79279238408218,119.12674739119545,121.30655670166016,934600,0.0,0.0
2020-11-03,122.70360890636731,127.98470127949307,122.70360890636731,127.53883361816406,847700,0.0,0.0
2020-11-04,127.81626583974709,128.5494808694923,124.62581210308274,124.78434753417969,907200,0.0,0.0
2020-11-05,126.095036006718,126.84968202880842,123.65237376283139,125.07229614257812,1058500,0.27,0.0
2020-11-06,125.07230034535527,125.6184272696194,122.8381571425729,123.6722412109375,851400,0.0,0.0
2020-11-09,127.65397779375056,128.80580639156994,123.3644230676721,123.43392944335938,1286600,0.0,0.0
2020-11-10,123.1261159226866,128.78594241468844,120.9912664298695,127.78306579589844,1890100,0.0,0.0
2020-11-11,128.87529428224016,129.27248436058315,125.40989986230473,127.05819702148438,888100,0.0,0.0
2020-11-12,127.39581233034995,127.6341112401888,125.16166914309179,126.09503936767578,810300,0.0,0.0
2020-11-13,126.99862410068611,130.24557538707268,126.46242885074933,128.23980712890625,490800,0.0,0.0
2020-11-16,129.1632730982293,131.99317885332738,128.68666010338455,131.65557861328125,628400,0.0,0.0
2020-11-17,130.53353494629317,133.31378966831068,129.1632557252618,132.10238647460938,557400,0.0,0.0
2020-11-18,132.11233575747193,133.82021530321234,130.61296775613707,131.27825927734375,514000,0.0,0.0
2020-11-19,131.01015969534777,133.3535282804786,129.59022969377853,132.83718872070312,587500,0.0,0.0
2020-11-20,132.38043464183505,134.35640042106672,132.15204465781363,132.89675903320312,677900,0.0,0.0
2020-11-23,133.5124057716155,134.40605700097402,131.11938650357882,132.8868408203125,671700,0.0,0.0
2020-11-24,132.8769063310395,136.3125133802061,132.2910528608907,135.71673583984375,530400,0.0,0.0
2020-11-25,135.31958626933576,135.62739916740708,133.28403030147877,134.8926239013672,508400,0.0,0.0
2020-11-27,135.1011102347078,135.8259612932612,133.80034492714884,134.33653259277344,252200,0.0,0.0
2020-11-30,134.82309063502763,135.7862557821088,133.57197592651372,134.3266143798828,585900,0.0,0.0
2020-12-01,134.17768532581255,136.34231465086305,133.6116950896044,134.70394897460938,644300,0.0,0.0
2020-12-02,134.68408607354556,134.86282541491008,132.549244107203,134.07838439941406,417400,0.0,0.0
2020-12-03,133.53225430361525,135.40893401175217,133.1152160519463,133.43296813964844,502800,0.0,0.0
2020-12-04,134.02871444747507,136.58060945924353,133.55210152453353,136.27279663085938,561000,0.0,0.0
2020-12-07,136.13380190888162,138.3282185797224,135.58767497114286,137.54379272460938,743400,0.0,0.0
2020-12-08,137.6728517527601,139.2615817404244,137.30546419300418,138.63601684570312,816800,0.0,0.0
2020-12-09,138.99346799908847,139.95663300654638,137.88136619717855,138.5267791748047,622700,0.0,0.0
2020-12-10,137.4941298592118,137.82180599276288,135.0415360439603,136.05435180664062,537000,0.0,0.0
2020-12-11,135.3692224938152,138.3977307911441,135.3692224938152,137.9111785888672,618900,0.0,0.0
2020-12-14,139.18215480377404,139.33110677455232,132.8272646498192,132.83718872070312,576900,0.0,0.0
2020-12-15,133.790452856478,135.39903138933843,132.67833552460317,135.140869140625,571000,0.0,0.0
2020-12-16,135.44866269256113,136.97780297232313,134.17768462460856,136.70970153808594,507300,0.0,0.0
2020-12-17,136.85866447792318,138.00055395582896,135.54795971775715,137.7324676513672,739700,0.0,0.0
2020-12-18,138.34806691340577,139.96658425807618,137.52391456034516,139.47010803222656,949000,0.0,0.0
2020-12-21,137.92110143624868,140.4134220028625,136.27281173849707,139.78785705566406,481400,0.0,0.0
2020-12-22,139.5396049287278,140.03608114782986,138.4672144773171,138.87432861328125,427200,0.0,0.0
2020-12-23,139.4303818273027,140.14530880656372,136.88842596826447,137.46434020996094,449300,0.0,0.0
2020-12-24,137.1366777720637,137.67286548441047,135.75647432872742,136.4515380859375,245300,0.0,0.0
2020-12-28,137.78207442085446,138.1395379034908,135.46849342924315,135.7763214111328,493100,0.0,0.0
2020-12-29,136.5309968663987,137.29557469120218,134.694028302603,135.140869140625,491100,0.0,0.0
2020-12-30,134.95219308998145,135.81605701374323,133.9989519162149,134.48550415039062,395000,0.0,0.0
2020-12-31,134.45569930200034,135.8259634251044,134.07837251022042,135.68695068359375,361000,0.0,0.0
2021-01-04,135.26991282108145,136.82885549550008,133.0357697293049,133.88970947265625,834000,0.0,0.0
2021-01-05,134.19751980992527,137.96081814330515,133.43295731949112,137.09695434570312,678800,0.0,0.0
2021-01-06,141.6843959331492,146.7683079308189,140.63186869781163,146.25196838378906,928700,0.0,0.0
2021-01-07,146.57964458485435,149.7273022214081,145.16965383969875,147.4236602783203,880800,0.0,0.0
2021-01-08,148.08892815241887,151.61391238886858,147.32435052168142,148.29745483398438,675200,0.0,0.0
2021-01-11,148.0194468102937,148.95280949858517,146.60944082847817,147.0959930419922,456800,0.0,0.0
2021-01-12,147.1853559789285,148.78401023104396,146.06332987180983,147.97972106933594,644000,0.0,0.0
2021-01-13,149.26061923163843,149.7372321642502,146.82787361343327,148.16836547851562,726200,0.0,0.0
2021-01-14,149.6081570951868,152.33877657492187,149.03224280494686,150.87913513183594,632200,0.0,0.0
2021-01-15,150.4323061539018,151.0181445019628,147.33429915279666,150.44223022460938,689800,0.0,0.0
2021-01-19,153.45087563396277,155.63538329696812,146.95697282565087,147.4733123779297,1251900,0.0,0.0
2021-01-20,141.8631185835226,149.72730055189734,140.1751023666655,148.96273803710938,2103100,0.0,0.0
2021-01-21,149.2506989061938,149.68760046275668,145.35832663602582,146.2619171142578,871700,0.0,0.0
2021-01-22,145.9640166554058,146.23211807120526,143.92846101193362,145.11007690429688,617100,0.0,0.0
2021-01-25,145.21930414038917,146.71865697142184,142.7468469436505,145.7058563232422,594900,0.0,0.0
2021-01-26,141.83333374661393,145.4774676621187,141.83333374661393,142.448974609375,641600,0.0,0.0
2021-01-27,140.4928535508571,141.3865047331772,134.51527530652484,134.7734375,846600,0.0,0.0
2021-01-28,135.51815126253805,138.64596068916592,134.5053506341085,135.8160400390625,503100,0.0,0.0
2021-01-29,136.5905393795095,136.5905393795095,133.06555507997166,133.7109832763672,677700,0.0,0.0
2021-02-01,134.9621009724326,135.99478004941045,132.420145015645,135.94512939453125,565000,0.0,0.0
2021-02-02,137.8019650553417,140.25455926845507,136.04443465436972,139.60914611816406,528900,0.0,0.0
2021-02-03,139.97652015072066,140.21483421370746,136.83878650203397,138.07005310058594,400000,0.0,0.0
2021-02-04,138.84611539633772,141.42304784021218,137.3735847400986,141.35340881347656,754500,0.28,0.0
2021-02-05,142.28865240241424,144.1890220101638,141.62203370279073,143.92037963867188,583700,0.0,0.0
2021-02-08,144.47756586110222,145.75110831263862,143.30350989938435,145.28347778320312,397100,0.0,0.0
2021-02-09,146.15903198485907,147.78081514143528,145.2635776474332,147.6017303466797,557600,0.0,0.0
2021-02-10,147.29328401635848,147.29328401635848,144.42782097330397,145.97994995117188,722900,0.0,0.0
2021-02-11,146.85552129816676,146.87540948855724,144.94519229295207,146.57693481445312,762400,0.0,0.0
2021-02-12,146.61673485621597,148.60664710172279,145.9799635449268,147.5718994140625,487600,0.0,0.0
2021-02-16,148.15890262904094,148.7359789348537,144.85564139890377,145.58197021484375,769300,0.0,0.0
2021-02-17,144.77605223848056,145.05463872345422,140.69674146175217,143.09458923339844,482300,0.0,0.0
2021-02-18,142.62696041311298,146.66647967653552,141.97028575542092,146.15904235839844,584600,0.0,0.0
2021-02-19,147.19379920025878,149.19365537810367,145.42277866103512,145.8207550048828,1083900,0.0,0.0
2021-02-22,144.82580102869323,146.27844354991868,143.4428127186378,144.81585693359375,484100,0.0,0.0
2021-02-23,144.09949064444675,144.46761953523998,140.1694171714602,143.78109741210938,418400,0.0,0.0
2021-02-24,143.43286744963714,146.79580856650898,143.13437759902558,145.92025756835938,372600,0.0,0.0
2021-02-25,145.91029059968147,147.01469236144726,144.64670741689548,145.74114990234375,429600,0.0,0.0
2021-02-26,145.9003452821731,147.98975892696905,144.64670620438966,146.12918090820312,736800,0.0,0.0
2021-03-01,147.06444232472532,151.4223544153134,147.06444232472532,148.636474609375,588200,0.0,0.0
2021-03-02,148.2683601575952,151.79049802134244,147.27340407179005,149.9697265625,540900,0.0,0.0
2021-03-03,150.49704962318285,153.8401026243328,149.89012581345006,151.82034301757812,689300,0.0,0.0
2021-03-04,155.0638960481573,155.1136317018565,147.94000756509672,148.53697204589844,561800,0.0,0.0
2021-03-05,149.38271696503145,155.47184379422222,147.60175212209353,154.84503173828125,697100,0.0,0.0
2021-03-08,155.20318487862235,160.13815791336984,154.4470086364911,158.58602905273438,996000,0.0,0.0
2021-03-09,160.07847425261662,163.4712779414544,159.23275555864944,159.87948608398438,769100,0.0,0.0
2021-03-10,159.66059806256607,159.66059806256607,156.098653592801,156.20809936523438,1048000,0.0,0.0
2021-03-11,155.9295126066229,158.53629258666805,153.49187333243017,158.48654174804688,764900,0.0,0.0
2021-03-12,159.38199910013995,162.87428908580648,158.1184007686237,162.00868225097656,374600,0.0,0.0
2021-03-15,162.3569251065384,162.3569251065384,159.29247375412274,160.64561462402344,450700,0.0,0.0
2021-03-16,160.89434520709966,160.89434520709966,156.45683466319963,157.3721923828125,370100,0.0,0.0
2021-03-17,157.87962767743394,159.78995676174227,155.59124077815744,159.09347534179688,368000,0.0,0.0
2021-03-18,158.8148876412017,163.63048669785164,158.8148876412017,161.27243041992188,381600,0.0,0.0
2021-03-19,160.52619397625074,162.874290693496,159.10341421383933,161.49130249023438,936300,0.0,0.0
2021-03-22,163.10313892835003,163.10313892835003,156.4866872304832,157.61099243164062,806200,0.0,0.0
2021-03-23,157.14335909465845,159.59094244668827,154.37738252314466,155.16339111328125,600800,0.0,0.0
2021-03-24,155.8399752454395,160.50632167706118,155.4618870778821,158.725341796875,560200,0.0,0.0
2021-03-25,159.6605992282566,161.23263161567448,157.02397175741854,160.60580444335938,475800,0.0,0.0
2021-03-26,161.51122503551213,166.26711396426342,161.08338601928563,166.05816650390625,454600,0.0,0.0
2021-03-29,165.35173262754347,167.86896997971093,164.91394957815382,166.4959259033203,556300,0.0,0.0
2021-03-30,166.70489043994323,169.19228058323745,166.2571632505152,168.48585510253906,554900,0.0,0.0
2021-03-31,168.06797833476543,169.12262934497002,165.76963223105068,167.22227478027344,786800,0.0,0.0
2021-04-01,166.86408795309265,169.0529882546372,165.90892345291113,168.94354248046875,413900,0.0,0.0
2021-04-05,169.81907540506486,172.1671720701883,169.81907540506486,170.20712280273438,474900,0.0,0.0
2021-04-06,170.10763494142626,171.0727435123217,168.2172245429559,168.44606018066406,374800,0.0,0.0
2021-04-07,168.29681229711844,168.93358357135122,167.24216129746642,168.4560089111328,269000,0.0,0.0
2021-04-08,167.95853164927982,168.15751982679836,165.58058725064495,166.76458740234375,447200,0.0,0.0
2021-04-09,168.08786650371158,169.30171401973158,167.24214784388957,168.6549835205078,437100,0.0,0.0
2021-04-12,168.06797553716314,170.97324540542368,168.0082806027603,170.6349639892578,518800,0.0,0.0
2021-04-13,170.51556937964196,170.51556937964196,167.63018778185432,169.5504608154297,660300,0.0,0.0
2021-04-14,169.54050777274128,169.54050777274128,167.0531176048206,168.32666015625,696700,0.0,0.0
2021-04-15,169.38132685660332,170.70462025179063,167.44115037425004,168.9136962890625,940000,0.0,0.0
2021-04-16,174.1172973295879,177.5001416049762,169.8986784888317,171.2916259765625,1386100,0.0,0.0
2021-04-19,170.79416592849483,171.4408813137932,165.39154646918539,166.0880126953125,944100,0.0,0.0
2021-04-20,166.50590767261463,167.81924181637956,164.36674297081115,167.520751953125,916200,0.0,0.0
2021-04-21,168.17741756062654,169.68975498634808,165.37164943348677,165.9387664794922,666900,0.0,0.0
2021-04-22,165.71987308207625,169.91858872179708,165.46118998105297,168.73458862304688,655200,0.0,0.0
2021-04-23,168.75447793827618,169.72953051057422,168.21720840957155,168.34654235839844,515100,0.0,0.0
2021-04-26,169.05298293594325,170.05788306218346,165.93876569953034,166.913818359375,593600,0.0,0.0
2021-04-27,167.58044400643357,169.5007171209365,167.28196933013893,168.7843475341797,566500,0.0,0.0
2021-04-28,168.47589824271498,169.809135614869,167.53069309624232,168.06796264648438,368600,0.0,0.0
2021-04-29,169.05298587994898,172.823862624557,168.6052586943944,171.15234375,518100,0.0,0.0
2021-04-30,170.1076363535041,171.54037548845142,169.18231933642377,169.8489532470703,600400,0.0,0.0
2021-05-03,170.93344567322364,174.34613750262122,170.93344567322364,173.2218475341797,594700,0.0,0.0
2021-05-04,172.4059836664896,176.79374350429512,171.938353106987,175.6793975830078,625500,0.0,0.0
2021-05-05,176.67434989222383,176.67434989222383,172.1771443766041,172.77410888671875,679800,0.0,0.0
2021-05-06,172.27579206794096,174.4186436061484,170.38209481250064,174.3189697265625,540600,0.3,0.0
2021-05-07,174.9867527621159,178.27577778892393,173.39206197910113,177.6777801513672,480100,0.0,0.0
2021-05-10,181.0365794985848,183.18940748805122,179.51166347473736,179.87046813964844,576200,0.0,0.0
2021-05-11,179.44189820788782,179.6213081538793,174.93692465346726,175.85386657714844,553600,0.0,0.0
2021-05-12,175.43525215060203,177.21929894004825,172.2857462660273,172.60467529296875,453400,0.0,0.0
2021-05-13,173.4319165324647,175.98342474051154,173.26248311382255,175.4053497314453,426400,0.0,0.0
2021-05-14,177.13957274155305,177.13957274155305,175.51499797919664,175.90370178222656,411200,0.0,0.0
2021-05-17,175.86381943870862,177.13956598502375,173.87046355907896,175.48509216308594,397300,0.0,0.0
2021-05-18,175.6844282831674,177.0299344044284,172.8239521962046,172.85385131835938,622400,0.0,0.0
2021-05-19,171.71763779254644,172.31565064745266,167.3721213101107,170.71099853515625,564800,0.0,0.0
2021-05-20,170.80069805480775,172.09638245137774,168.98675206608883,169.255859375,431500,0.0,0.0
2021-05-21,169.42528382511742,171.8970407899131,169.16613783467807,170.12295532226562,292700,0.0,0.0
2021-05-24,171.00999935987772,171.42860226135812,169.614641146845,170.52162170410156,315900,0.0,0.0
2021-05-25,170.26249732910296,171.43857001923416,166.97345702726176,167.1129913330078,602300,0.0,0.0
2021-05-26,167.42194928815826,169.20601124467458,166.64454174324987,168.87710571289062,514200,0.0,0.0
2021-05-27,170.27244809455533,172.66448416969962,169.78408565872127,171.68772888183594,586800,0.0,0.0
2021-05-28,170.7707907491182,172.00667684183927,170.34222654444363,170.97012329101562,480400,0.0,0.0
2021-06-01,172.07643073953253,173.70102055846155,171.35882144577846,171.56813049316406,531500,0.0,0.0
2021-06-02,171.8970464972781,171.8970464972781,168.1694655057536,169.5249481201172,632300,0.0,0.0
2021-06-03,169.29571225203787,170.13291805564853,166.54488666527507,168.94686889648438,446000,0.0,0.0
2021-06-04,168.64789240224863,169.16615401650634,163.4651545948757,166.52496337890625,610000,0.0,0.0
2021-06-07,167.70103359847832,167.70103359847832,162.54821020052472,163.02662658691406,907700,0.0,0.0
2021-06-08,163.40535395585184,165.37877212426898,162.71764370719606,164.94024658203125,474400,0.0,0.0
2021-06-09,164.531583553535,166.1760959452908,162.75749817291575,165.02992248535156,1047200,0.0,0.0
2021-06-10,165.32893730240062,166.90369023207805,162.91697857459533,163.65451049804688,573900,0.0,0.0
2021-06-11,163.9136656411457,165.1395752860033,163.52496184116163,164.70103454589844,427400,0.0,0.0
2021-06-14,164.86050152065613,165.1196323098504,163.13623773655686,164.0631561279297,481000,0.0,0.0
2021-06-15,164.05320145374606,167.2226301276022,162.65784315805607,166.2259521484375,759800,0.0,0.0
2021-06-16,166.39538237336674,166.60469143652136,163.7442153499348,163.96348571777344,483800,0.0,0.0
2021-06-17,164.37212492868747,164.69106917109946,157.156171129151,158.10302734375,647300,0.0,0.0
2021-06-18,156.08972538827834,156.91696986421337,154.59470854918803,155.3721160888672,1361000,0.0,0.0
2021-06-21,156.7774404919562,160.0664806828836,156.7774404919562,159.1595001220703,447900,0.0,0.0
2021-06-22,159.00003852566837,160.60469069786828,157.91366316652847,159.81732177734375,388900,0.0,0.0
2021-06-23,160.07644242825162,160.59471920844408,158.6212859635915,158.71099853515625,347300,0.0,0.0
2021-06-24,158.64122596319407,160.15618069101,157.69438496134606,159.95684814453125,570500,0.0,0.0
2021-06-25,159.68775212577037,162.15950933457668,158.7110119333396,161.4618377685547,1702600,0.0,0.0
2021-06-28,161.4717853757343,161.78076830771047,159.936908060693,161.2425537109375,603900,0.0,0.0
2021-06-29,160.88374714784916,161.72095294615968,159.2591572804791,161.12295532226562,661300,0.0,0.0
2021-06-30,161.06315484749257,162.84720159830582,160.60467632157582,162.40866088867188,682300,0.0,0.0
2021-07-01,163.5050230451296,166.97345810177944,162.44854683652528,166.3854217529297,939200,0.0,0.0
2021-07-02,165.69771347074828,166.45518325741318,164.09306132144442,164.76083374023438,527100,0.0,0.0
2021-07-06,165.12959104914603,165.4883957098942,159.65783898285883,162.4784393310547,650900,0.0,0.0
2021-07-07,162.53824420334666,166.51499475484866,162.53824420334666,166.3854217529297,611300,0.0,0.0
2021-07-08,164.58142136093718,165.51830099101522,160.97343713394966,161.77078247070312,658600,0.0,0.0
2021-07-09,164.20268627126845,165.47843278407265,162.56813510123195,165.22926330566406,587000,0.0,0.0
2021-07-12,164.0930686033126,166.1761220151539,163.59472959331612,164.90037536621094,602100,0.0,0.0
2021-07-13,164.81067583280853,166.63459841044622,163.49505356378484,166.35552978515625,719800,0.0,0.0
2021-07-14,167.2923970408756,171.5183017411772,166.8139806834805,169.0664825439453,988100,0.0,0.0
2021-07-15,168.02992699423731,170.14289452754466,166.76415698482893,167.2026824951172,894700,0.0,0.0
2021-07-16,167.19272459166436,167.78076092687172,162.12959882674824,164.4020233154297,1599300,0.0,0.0
2021-07-19,162.64787006042775,162.68773048514066,158.7309179780969,159.14952087402344,1080800,0.0,0.0
2021-07-20,159.61796904272396,164.92030308422937,158.5913919616526,163.79405212402344,1462700,0.0,0.0
2021-07-21,164.33227327952855,164.45186977277152,160.37546040834786,163.08642578125,634100,0.0,0.0
2021-07-22,163.37544854238214,164.1727939479226,162.37877058748126,163.11631774902344,533900,0.0,0.0
2021-07-23,163.6644875360124,167.11298461427552,162.9568395229733,166.6943817138672,481800,0.0,0.0
2021-07-26,166.5747834353437,167.9302659969585,164.71098540806216,165.00003051757812,394400,0.0,0.0
2021-07-27,164.4917327836405,165.72761899625175,163.5249691012497,164.840576171875,375800,0.0,0.0
2021-07-28,165.35883857107592,165.35883857107592,162.05983706495297,163.9435577392578,403700,0.0,0.0
2021-07-29,165.01996762758318,167.19271815528802,164.72096121519408,166.85385131835938,326400,0.0,0.0
2021-07-30,166.22594578168238,168.60800545232482,165.34886432701958,167.89039611816406,493400,0.0,0.0
2021-08-02,168.06980053621865,169.6445534562388,166.78407751803036,166.9136505126953,450300,0.0,0.0
2021-08-03,167.28242301260218,170.9402292539527,166.10635033476188,170.6511993408203,411100,0.0,0.0
2021-08-04,169.9335835353624,169.9335835353624,166.91365068683635,167.0830841064453,392900,0.0,0.0
2021-08-05,167.3926166281462,168.25129696044274,165.5654394621568,166.6138153076172,390000,0.3,0.0
2021-08-06,166.86343319788722,168.17141965369416,165.90491551768596,166.79354858398438,404900,0.0,0.0
2021-08-09,165.96482056037132,166.45407379794403,164.8165921325413,165.11611938476562,298600,0.0,0.0
2021-08-10,165.24592572424467,167.6821822934265,164.03777660300275,166.86343383789062,424900,0.0,0.0
2021-08-11,166.74361470973457,172.50476063357138,166.20445044357425,172.49476623535156,510000,0.0,0.0
2021-08-12,173.08387567648197,174.17219863000193,172.19524263185394,172.88417053222656,346000,0.0,0.0
2021-08-13,172.9241102312142,175.98938905128307,172.00552450145744,175.34039306640625,395800,0.0,0.0
2021-08-16,174.731340108497,176.65836986071895,172.57465248267053,176.53855895996094,509700,0.0,0.0
2021-08-17,175.43025958176358,175.43025958176358,172.07541729657845,174.60153198242188,421800,0.0,0.0
2021-08-18,174.32196320362476,175.97941840365854,171.30661052157419,172.98402404785156,507900,0.0,0.0
2021-08-19,171.5162787928065,173.17373398509136,169.7889389882686,171.26666259765625,499400,0.0,0.0
2021-08-20,172.86420950363762,174.48171754634762,170.93716458631627,174.2221221923828,264500,0.0,0.0
2021-08-23,174.40184235046272,176.4586773720599,174.39186318733312,174.63148498535156,309800,0.0,0.0
2021-08-24,175.26051477388296,175.86957887532478,173.2136590077022,173.7927703857422,395200,0.0,0.0
2021-08-25,173.73287566547643,175.76973715937368,173.5731176405611,174.94102478027344,264200,0.0,0.0
2021-08-26,174.94102233886943,175.54009207089587,173.43333075723783,174.68141174316406,362500,0.0,0.0
2021-08-27,175.17066228426805,179.60384831585543,175.17066228426805,179.28433227539062,473300,0.0,0.0
2021-08-30,179.13456761432846,184.096938728205,178.90490974831542,182.42950439453125,669500,0.0,0.0
2021-08-31,182.549311261358,182.549311261358,176.46866461730545,177.1276397705078,800400,0.0,0.0
2021-09-01,177.10768249766394,179.4041392378401,174.57157349703235,178.86497497558594,395700,0.0,0.0
2021-09-02,179.76359206192367,182.8388654087059,179.5738965516672,182.64915466308594,363800,0.0,0.0
2021-09-03,182.3196726658448,183.45792189154383,180.54240659826846,180.802001953125,478500,0.0,0.0
2021-09-07,180.8619061945483,181.900302842408,178.8649766725878,179.04470825195312,455100,0.0,0.0
2021-09-08,179.04470311653563,179.46405647587574,176.3787888740634,176.87802124023438,583300,0.0,0.0
2021-09-09,177.02780477183873,178.4356437381506,171.78586478844886,172.49476623535156,636100,0.0,0.0
2021-09-10,173.55314597337917,175.89952893808697,172.91411392283857,173.51319885253906,431600,0.0,0.0
2021-09-13,175.09078615446217,175.09078615446217,170.97711609566812,171.4364013671875,426500,0.0,0.0
2021-09-14,172.65452694240156,172.6645061054137,166.99323350040717,167.891845703125,654700,0.0,0.0
2021-09-15,168.84040472833357,172.57465335080457,168.23134058747695,171.72596740722656,693000,0.0,0.0
2021-09-16,171.77587096514614,172.24515062215406,170.5577579719394,170.92718505859375,358300,0.0,0.0
2021-09-17,170.7973872657703,171.27664610671775,167.4125921830615,168.4609832763672,905900,0.0,0.0
2021-09-20,166.24437854972825,169.03008845970461,165.24591381369385,168.8303985595703,487900,0.0,0.0
2021-09-21,170.1683374164012,171.01703853501363,167.59231180807836,170.42794799804688,382500,0.0,0.0
2021-09-22,171.426422965226,171.426422965226,168.1514596588619,168.2512969970703,412700,0.0,0.0
2021-09-23,168.9602048354888,171.5262512996668,168.9602048354888,170.55775451660156,351500,0.0,0.0
2021-09-24,169.788929416719,173.50321940999717,169.70905041053032,173.48324584960938,380200,0.0,0.0
2021-09-27,173.6729639725521,176.51857941667652,172.9940000087482,174.27203369140625,404700,0.0,0.0
2021-09-28,173.60306748350763,174.8311901398697,170.77741031060725,171.36651611328125,456100,0.0,0.0
2021-09-29,171.6460858278646,172.78433507986225,168.55083888251056,169.8188934326172,371800,0.0,0.0
2021-09-30,170.50782490623774,171.2966053333561,166.76358219732364,166.96327209472656,493900,0.0,0.0
2021-10-01,167.78201672843727,168.33117541040406,163.48863031664732,166.5539093017578,508000,0.0,0.0
2021-10-04,166.24439051841617,167.95177204351677,164.48709794121078,165.2259521484375,417100,0.0,0.0
2021-10-05,166.19445231104868,171.30660212098172,165.91488340371205,170.45790100097656,423500,0.0,0.0
2021-10-06,169.53932400164035,171.69601159959913,167.64223176375742,171.39646911621094,380100,0.0,0.0
2021-10-07,172.6645061424028,174.49169850799294,172.20522087793336,172.78433227539062,341700,0.0,0.0
2021-10-08,168.5708096561157,172.86421123224036,167.83194023847824,169.51934814453125,577600,0.0,0.0
2021-10-11,167.3027502244484,170.39799702790685,167.14299220877095,168.9901580810547,425900,0.0,0.0
2021-10-12,169.09002127233774,171.35652541627695,167.92180404024862,170.12841796875,679600,0.0,0.0
2021-10-13,171.24668744968233,171.85575156962096,168.03162966710298,171.096923828125,548000,0.0,0.0
2021-10-14,172.76436386222906,175.3404048854628,172.14532055890447,174.97097778320312,621000,0.0,0.0
2021-10-15,184.71597912696987,192.49401284178361,181.450995121905,190.25746154785156,1733200,0.0,0.0
2021-10-18,190.91645315965866,192.3941767362078,187.5416374009074,188.759765625,1039100,0.0,0.0
2021-10-19,189.73826231474007,191.21598593406523,187.43181109369937,190.9763641357422,452800,0.0,0.0
2021-10-20,191.7451605266044,195.20983436722403,189.8880155147315,194.73057556152344,699300,0.0,0.0
2021-10-21,194.77052774278846,195.75899810301632,192.8235092755307,193.6422576904297,571700,0.0,0.0
2021-10-22,194.32120725553784,197.40647495138202,194.29125453148373,195.359619140625,518500,0.0,0.0
2021-10-25,195.7989501408523,200.7812796599446,195.69909756835568,197.4264373779297,690300,0.0,0.0
2021-10-26,198.08543141321456,200.15226086584764,196.03857552251867,196.17835998535156,511300,0.0,0.0
2021-10-27,196.1783593153798,198.18528331071118,194.41108759174892,194.4709930419922,406600,0.0,0.0
2021-10-28,195.3795841065629,198.22521487132204,194.67068263270494,197.7060089111328,297700,0.0,0.0
2021-10-29,196.1883457828834,198.83427129742105,195.65916067997588,196.88726806640625,386500,0.0,0.0
2021-11-01,197.36652895533862,198.81429982254832,194.1914183045765,195.47943115234375,568600,0.0,0.0
2021-11-02,195.7490272989032,196.19833341231666,192.11461603238476,192.89341735839844,674200,0.0,0.0
2021-11-03,192.60384433521074,195.38956952174655,192.43410715581828,195.11000061035156,613000,0.0,0.0
2021-11-04,195.41000366210938,197.75,194.1699981689453,197.27000427246094,552000,0.3,0.0
2021-11-05,199.13999938964844,200.49000549316406,192.7899932861328,193.27000427246094,610700,0.0,0.0
2021-11-08,194.2899932861328,195.5,192.0500030517578,194.72000122070312,368700,0.0,0.0
2021-11-09,194.5800018310547,196.3699951171875,194.02000427246094,195.27999877929688,271100,0.0,0.0
2021-11-10,194.63999938964844,195.02999877929688,192.69000244140625,193.47999572753906,217500,0.0,0.0
2021-11-11,194.07000732421875,197.14999389648438,193.92999267578125,196.4199981689453,483400,0.0,0.0
2021-11-12,196.4199981689453,202.49000549316406,196.4199981689453,199.2100067138672,490200,0.0,0.0
2021-11-15,199.07000732421875,201.30999755859375,199.0399932861328,199.35000610351562,402100,0.0,0.0
2021-11-16,199.25,202.55999755859375,199.0,201.4600067138672,468100,0.0,0.0
2021-11-17,201.17999267578125,202.7100067138672,199.50999450683594,199.77999877929688,401100,0.0,0.0
2021-11-18,199.8699951171875,200.77000427246094,194.1300048828125,195.75,623200,0.0,0.0
2021-11-19,195.69000244140625,195.77999877929688,190.74000549316406,194.25999450683594,702800,0.0,0.0
2021-11-22,195.0,199.36000061035156,194.2899932861328,197.35000610351562,422700,0.0,0.0
2021-11-23,197.3699951171875,200.85000610351562,195.99000549316406,200.5800018310547,525200,0.0,0.0
2021-11-24,199.1699981689453,200.6199951171875,197.5800018310547,200.22999572753906,379200,0.0,0.0
2021-11-26,195.4600067138672,197.39999389648438,193.80999755859375,194.57000732421875,297000,0.0,0.0
2021-11-29,196.6699981689453,198.83999633789062,194.3300018310547,195.8699951171875,366900,0.0,0.0
2021-11-30,194.6300048828125,195.02000427246094,190.10000610351562,191.16000366210938,890200,0.0,0.0
2021-12-01,194.91000366210938,194.91000366210938,185.91000366210938,185.99000549316406,664400,0.0,0.0
2021-12-02,185.83999633789062,191.39999389648438,185.14999389648438,190.1300048828125,466700,0.0,0.0
2021-12-03,191.6300048828125,193.3699951171875,189.92999267578125,191.72000122070312,463400,0.0,0.0
2021-12-06,193.24000549316406,196.9199981689453,193.02000427246094,195.55999755859375,479600,0.0,0.0
2021-12-07,197.5800018310547,200.24000549316406,195.8699951171875,196.1699981689453,440100,0.0,0.0
2021-12-08,197.52000427246094,198.8699951171875,193.36000061035156,196.69000244140625,340900,0.0,0.0
2021-12-09,196.24000549316406,200.91000366210938,195.11000061035156,198.57000732421875,451100,0.0,0.0
2021-12-10,199.72999572753906,200.97000122070312,198.19000244140625,198.55999755859375,431700,0.0,0.0
2021-12-13,199.0500030517578,202.80999755859375,196.72999572753906,200.8000030517578,717300,0.0,0.0
2021-12-14,199.25,201.83999633789062,195.32000732421875,196.60000610351562,447900,0.0,0.0
2021-12-15,197.5,199.74000549316406,195.4499969482422,198.60000610351562,391100,0.0,0.0
2021-12-16,200.0800018310547,201.9600067138672,196.49000549316406,196.52999877929688,387900,0.0,0.0
2021-12-17,196.3699951171875,197.1999969482422,191.36000061035156,192.10000610351562,1069900,0.0,0.0
2021-12-20,189.27000427246094,191.5800018310547,187.58999633789062,190.77000427246094,497100,0.0,0.0
2021-12-21,192.86000061035156,195.30999755859375,191.24000549316406,194.9499969482422,344800,0.0,0.0
2021-12-22,194.77999877929688,196.36000061035156,192.0,194.83999633789062,520900,0.0,0.0
2021-12-23,195.22000122070312,198.67999267578125,195.22000122070312,197.22999572753906,335500,0.0,0.0
2021-12-27,197.80999755859375,203.19000244140625,197.80999755859375,203.13999938964844,284600,0.0,0.0
2021-12-28,203.3000030517578,204.3800048828125,202.0800018310547,203.7899932861328,260300,0.0,0.0
2021-12-29,204.0,206.83999633789062,203.14999389648438,205.75,243000,0.0,0.0
2021-12-30,204.99000549316406,205.7899932861328,203.27999877929688,203.72999572753906,203900,0.0,0.0
2021-12-31,203.5800018310547,205.47000122070312,201.49000549316406,204.39999389648438,239800,0.0,0.0
